UNITID,EFFYLEV,EFYTOTLT,EFYTOTLM,EFYTOTLW
100654,1,6157,2646,3511
100654,2,4865,2258,2607
100654,4,1292,388,904
100663,1,21554,8383,13171
100663,2,13440,5552,7888
100663,4,8114,2831,5283
100690,1,830,337,493
100690,2,415,177,238
100690,4,415,160,255
100706,1,9206,5194,4012
100706,2,6994,3983,3011
100706,4,2212,1211,1001
100724,1,6101,2321,3780
100724,2,5373,2105,3268
100724,4,728,216,512
100751,1,41507,18526,22981
100751,2,35199,15946,19253
100751,4,6308,2580,3728
100760,1,2379,1027,1352
100760,2,2379,1027,1352
100812,1,4124,1478,2646
100812,2,4124,1478,2646
100830,1,5996,2158,3838
100830,2,5072,1847,3225
100830,4,924,311,613
100858,1,29237,14893,14344
100858,2,22953,11871,11082
100858,4,6284,3022,3262
100937,1,1382,696,686
100937,2,1382,696,686
101028,1,2361,928,1433
101028,2,2361,928,1433
101073,1,538,302,236
101073,2,538,302,236
101116,1,995,246,749
101116,2,777,197,580
101116,4,218,49,169
101143,1,2645,1407,1238
101143,2,2645,1407,1238
101161,1,6859,2589,4270
101161,2,6859,2589,4270
101189,1,4316,1651,2665
101189,2,3384,1277,2107
101189,4,932,374,558
101240,1,7089,2822,4267
101240,2,7089,2822,4267
101277,1,132,0,132
101277,2,132,0,132
101286,1,6460,2353,4107
101286,2,6460,2353,4107
101295,1,7132,2693,4439
101295,2,7132,2693,4439
101301,1,2671,922,1749
101301,2,2671,922,1749
101365,1,690,295,395
101365,2,675,287,388
101365,4,15,8,7
101435,1,1311,645,666
101435,2,1311,645,666
101453,1,100,95,5
101453,2,60,57,3
101453,4,40,38,2
101462,1,1459,652,807
101462,2,1459,652,807
101471,1,759,602,157
101471,2,759,602,157
101480,1,9886,4146,5740
101480,2,8628,3678,4950
101480,4,1258,468,790
101499,1,1628,770,858
101499,2,1628,770,858
101505,1,13591,5358,8233
101505,2,13591,5358,8233
101514,1,15575,7206,8369
101514,2,15575,7206,8369
101541,1,474,13,461
101541,2,474,13,461
101569,1,4814,1987,2827
101569,2,4814,1987,2827
101587,1,5445,1568,3877
101587,2,2273,1013,1260
101587,4,3172,555,2617
101602,1,2396,1015,1381
101602,2,2396,1015,1381
101648,1,475,376,99
101648,2,475,376,99
101675,1,2167,1104,1063
101675,2,2167,1104,1063
101693,1,1804,612,1192
101693,2,1653,586,1067
101693,4,151,26,125
101709,1,3318,1061,2257
101709,2,2756,910,1846
101709,4,562,151,411
101736,1,5105,2217,2888
101736,2,5105,2217,2888
101879,1,8050,3278,4772
101879,2,6807,2809,3998
101879,4,1243,469,774
101897,1,3635,1404,2231
101897,2,3635,1404,2231
101912,1,1930,820,1110
101912,2,1874,796,1078
101912,4,56,24,32
101949,1,1880,768,1112
101949,2,1880,768,1112
101958,1,34,2,32
101958,2,34,2,32
101994,1,769,286,483
101994,2,769,286,483
102030,1,5032,2045,2987
102030,2,5032,2045,2987
102049,1,5738,2122,3616
102049,2,3282,1177,2105
102049,4,2456,945,1511
102058,1,348,139,209
102058,2,332,132,200
102058,4,16,7,9
102067,1,7386,3285,4101
102067,2,7386,3285,4101
102076,1,3534,1363,2171
102076,2,3534,1363,2171
102094,1,18882,7412,11470
102094,2,13267,6049,7218
102094,4,5615,1363,4252
102234,1,1589,650,939
102234,2,1436,582,854
102234,4,153,68,85
102261,1,182,109,73
102261,2,182,109,73
102270,1,968,494,474
102270,2,968,494,474
102298,1,1092,570,522
102298,2,1092,570,522
102313,1,2114,1085,1029
102313,2,2114,1085,1029
102368,1,22508,8721,13787
102368,2,17375,7047,10328
102368,4,5133,1674,3459
102377,1,3172,1316,1856
102377,2,2601,1119,1482
102377,4,571,197,374
102395,1,746,531,215
102395,2,270,212,58
102395,4,476,319,157
102429,1,5453,2201,3252
102429,2,5453,2201,3252
102553,1,26013,10797,15216
102553,2,24754,10385,14369
102553,4,1259,412,847
102580,1,42,27,15
102580,2,42,27,15
102614,1,14456,5980,8476
102614,2,13045,5384,7661
102614,4,1411,596,815
102632,1,5357,1858,3499
102632,2,4830,1709,3121
102632,4,527,149,378
102669,1,641,219,422
102669,2,348,117,231
102669,4,293,102,191
102711,1,1973,1622,351
102711,2,1973,1622,351
102845,1,3996,1071,2925
102845,2,3976,1064,2912
102845,4,20,7,13
103501,1,648,100,548
103501,2,648,100,548
103741,1,174,12,162
103741,2,174,12,162
103778,1,455,308,147
103778,4,455,308,147
103811,1,1222,1091,131
103811,2,1222,1091,131
103893,1,1202,167,1035
103893,2,1202,167,1035
103909,1,1060,178,882
103909,2,1060,178,882
103927,1,580,103,477
103927,2,580,103,477
103945,1,190,35,155
103945,2,190,35,155
103954,1,85,6,79
103954,2,85,6,79
103963,1,1294,1220,74
103963,2,1294,1220,74
104090,1,1981,383,1598
104090,2,1860,364,1496
104090,4,121,19,102
104151,1,57350,32983,24367
104151,2,45594,25922,19672
104151,4,11756,7061,4695
104160,1,11766,5408,6358
104160,2,11766,5408,6358
104179,1,46761,22662,24099
104179,2,36246,17692,18554
104179,4,10515,4970,5545
104188,1,168,85,83
104188,2,160,82,78
104188,4,8,3,5
104346,1,10231,4166,6065
104346,2,10231,4166,6065
104364,1,644,259,385
104364,2,644,259,385
104391,1,106,8,98
104391,2,106,8,98
104425,1,11491,7256,4235
104425,2,11491,7256,4235
104434,1,61,3,58
104434,2,61,3,58
104443,1,104,14,90
104443,2,104,14,90
104504,1,213,53,160
104504,2,213,53,160
104568,1,558,25,533
104568,2,558,25,533
104577,1,8139,3792,4347
104577,2,8139,3792,4347
104586,1,2425,1882,543
104586,2,2356,1825,531
104586,4,69,57,12
104665,1,21,17,4
104665,4,21,17,4
104708,1,27947,12805,15142
104708,2,27947,12805,15142
104717,1,111211,29393,81818
104717,2,65668,17662,48006
104717,4,45543,11731,33812
104911,1,176,24,152
104911,2,176,24,152
105145,1,8495,3580,4915
105145,2,8495,3580,4915
105154,1,30770,15067,15703
105154,2,30770,15067,15703
105206,1,7998,2843,5155
105206,2,7998,2843,5155
105215,1,1891,1820,71
105215,2,1891,1820,71
105297,1,1976,639,1337
105297,2,1976,639,1337
105330,1,33186,13260,19926
105330,2,28303,11686,16617
105330,4,4883,1574,3309
105349,1,6486,2559,3927
105349,2,6486,2559,3927
105367,1,1115,290,825
105367,2,566,175,391
105367,4,549,115,434
105428,1,17382,6508,10874
105428,2,17382,6508,10874
105482,1,188,55,133
105482,2,188,55,133
105525,1,36188,17051,19137
105525,2,36188,17051,19137
105534,1,3197,721,2476
105534,2,3197,721,2476
105543,1,1404,292,1112
105543,2,1404,292,1112
105589,1,927,291,636
105589,2,493,190,303
105589,4,434,101,333
105659,1,1096,1078,18
105659,2,1096,1078,18
105668,1,45317,18373,26944
105668,2,45317,18373,26944
105677,1,57,55,2
105677,2,57,55,2
105701,1,54,2,52
105701,2,54,2,52
105747,1,14760,6836,7924
105747,2,14760,6836,7924
105792,1,5772,2399,3373
105792,2,5772,2399,3373
105899,1,903,523,380
105899,2,903,523,380
105987,1,547,240,307
105987,2,547,240,307
106041,1,2910,2797,113
106041,2,2910,2797,113
106102,1,1970,744,1226
106102,2,1397,487,910
106102,4,573,257,316
106111,1,221,21,200
106111,2,221,21,200
106148,1,10245,4470,5775
106148,2,10245,4470,5775
106245,1,14613,5713,8900
106245,2,10900,4267,6633
106245,4,3713,1446,2267
106263,1,3262,1058,2204
106263,2,828,181,647
106263,4,2434,877,1557
106281,1,29,8,21
106281,2,29,8,21
106306,1,1313,941,372
106306,2,1313,941,372
106315,1,153,12,141
106315,2,153,12,141
106324,1,37,1,36
106324,2,37,1,36
106342,1,747,386,361
106342,2,747,386,361
106351,1,268,146,122
106351,2,268,146,122
106360,1,51,0,51
106360,2,51,0,51
106397,1,29612,14496,15116
106397,2,23946,11554,12392
106397,4,5666,2942,2724
106412,1,2952,1286,1666
106412,2,2798,1209,1589
106412,4,154,77,77
106449,1,5619,2477,3142
106449,2,5619,2477,3142
106458,1,18105,7053,11052
106458,2,11198,4758,6440
106458,4,6907,2295,4612
106467,1,13900,6099,7801
106467,2,12650,5678,6972
106467,4,1250,421,829
106485,1,4385,1801,2584
106485,2,4055,1674,2381
106485,4,330,127,203
106494,1,94,7,87
106494,2,94,7,87
106546,1,918,106,812
106546,2,918,106,812
106625,1,1894,671,1223
106625,2,1894,671,1223
106704,1,13553,5293,8260
106704,2,11158,4704,6454
106704,4,2395,589,1806
106713,1,1019,540,479
106713,2,1019,540,479
106795,1,2226,781,1445
106795,2,2226,781,1445
106810,1,249,136,113
106810,2,249,136,113
106829,1,320,186,134
106829,2,320,186,134
106883,1,1860,709,1151
106883,2,1860,709,1151
106892,1,429,24,405
106892,2,429,24,405
106908,1,552,18,534
106908,2,552,18,534
106980,1,3506,1353,2153
106980,2,3506,1353,2153
106999,1,1796,593,1203
106999,2,1796,593,1203
107044,1,6796,2833,3963
107044,2,4889,2189,2700
107044,4,1907,644,1263
107071,1,4039,1675,2364
107071,2,3427,1489,1938
107071,4,612,186,426
107080,1,1417,672,745
107080,2,1405,664,741
107080,4,12,8,4
107099,1,45,2,43
107099,2,45,2,43
107123,1,138,18,120
107123,2,138,18,120
107141,1,3197,1299,1898
107141,2,2331,1006,1325
107141,4,866,293,573
107211,1,34,4,30
107211,2,34,4,30
107220,1,370,27,343
107220,2,370,27,343
107293,1,130,6,124
107293,2,130,6,124
107318,1,2467,940,1527
107318,2,2467,940,1527
107327,1,2033,761,1272
107327,2,2033,761,1272
107363,1,95,5,90
107363,2,95,5,90
107442,1,90,58,32
107442,2,90,58,32
107460,1,2290,949,1341
107460,2,2290,949,1341
107488,1,347,217,130
107488,2,347,217,130
107512,1,1669,823,846
107512,2,1669,823,846
107521,1,1787,713,1074
107521,2,1787,713,1074
107549,1,1565,439,1126
107549,2,1565,439,1126
107558,1,688,334,354
107558,2,688,334,354
107585,1,2677,1068,1609
107585,2,2677,1068,1609
107600,1,703,290,413
107600,2,703,290,413
107619,1,2126,767,1359
107619,2,2126,767,1359
107637,1,2117,659,1458
107637,2,2117,659,1458
107655,1,57,3,54
107655,2,57,3,54
107664,1,10607,3876,6731
107664,2,10607,3876,6731
107725,1,1940,611,1329
107725,2,1940,611,1329
107743,1,1296,414,882
107743,2,1296,414,882
107789,1,156,11,145
107789,2,156,11,145
107831,1,111,5,106
107831,2,111,5,106
107840,1,394,169,225
107840,2,394,169,225
107877,1,566,281,285
107877,2,566,281,285
107974,1,2161,621,1540
107974,2,2161,621,1540
107983,1,5025,2545,2480
107983,2,3376,1468,1908
107983,4,1649,1077,572
107992,1,3338,1747,1591
107992,2,3338,1747,1591
108065,1,24,2,22
108065,2,24,2,22
108092,1,7703,3403,4300
108092,2,7688,3396,4292
108092,4,15,7,8
108232,1,17240,7033,10207
108232,2,11708,4933,6775
108232,4,5532,2100,3432
108269,1,137,44,93
108269,4,137,44,93
108348,1,53,23,30
108348,2,53,23,30
108649,1,267,8,259
108649,2,267,8,259
108667,1,10951,4723,6228
108667,2,10951,4723,6228
108807,1,16958,8616,8342
108807,2,16958,8616,8342
108852,1,338,142,196
108852,2,338,142,196
108861,1,82,53,29
108861,4,82,53,29
108870,1,366,205,161
108870,4,366,205,161
108977,1,162,82,80
108977,2,162,82,80
109040,1,2545,559,1986
109040,2,2545,559,1986
109086,1,123,73,50
109086,2,48,31,17
109086,4,75,42,33
109208,1,46579,23989,22590
109208,2,46579,23989,22590
109350,1,18654,7613,11041
109350,2,18654,7613,11041
109651,1,2778,1400,1378
109651,2,2535,1268,1267
109651,4,243,132,111
109721,1,513,193,320
109721,2,513,193,320
109730,1,241,170,71
109730,2,241,170,71
109785,1,11631,3797,7834
109785,2,6379,2191,4188
109785,4,5252,1606,3646
109819,1,28307,12892,15415
109819,2,28307,12892,15415
109907,1,4777,1807,2970
109907,2,4777,1807,2970
109934,1,275,35,240
109934,2,275,35,240
110060,1,455,268,187
110060,2,346,210,136
110060,4,109,58,51
110097,1,6714,3081,3633
110097,2,4437,1635,2802
110097,4,2277,1446,831
110194,1,354,353,1
110194,2,354,353,1
110219,1,2657,901,1756
110219,2,2657,901,1756
110246,1,14862,7170,7692
110246,2,14862,7170,7692
110307,1,338,53,285
110307,4,338,53,285
110316,1,1631,431,1200
110316,2,112,26,86
110316,4,1519,405,1114
110334,1,17887,8444,9443
110334,2,17887,8444,9443
110361,1,10604,3703,6901
110361,2,7791,2928,4863
110361,4,2813,775,2038
110370,1,2125,810,1315
110370,2,1656,639,1017
110370,4,469,171,298
110398,1,981,459,522
110398,4,981,459,522
110404,1,2344,1579,765
110404,2,1034,634,400
110404,4,1310,945,365
110413,1,4910,2085,2825
110413,2,3114,1345,1769
110413,4,1796,740,1056
110422,1,21717,11546,10171
110422,2,20622,10980,9642
110422,4,1095,566,529
110468,1,4866,1607,3259
110468,2,1771,742,1029
110468,4,3095,865,2230
110486,1,10637,4127,6510
110486,2,9229,3676,5553
110486,4,1408,451,957
110495,1,10071,3530,6541
110495,2,8745,3186,5559
110495,4,1326,344,982
110510,1,21137,8338,12799
110510,2,18483,7358,11125
110510,4,2654,980,1674
110529,1,24564,13571,10993
110529,2,22651,12639,10012
110529,4,1913,932,981
110538,1,18624,8678,9946
110538,2,17353,8244,9109
110538,4,1271,434,837
110547,1,15429,5413,10016
110547,2,13040,4796,8244
110547,4,2389,617,1772
110556,1,25418,10628,14790
110556,2,22308,9565,12743
110556,4,3110,1063,2047
110565,1,43129,19191,23938
110565,2,36593,16330,20263
110565,4,6536,2861,3675
110574,1,17440,6762,10678
110574,2,14540,5634,8906
110574,4,2900,1128,1772
110583,1,40015,17271,22744
110583,2,34062,14935,19127
110583,4,5953,2336,3617
110592,1,28885,12055,16830
110592,2,24156,10019,14137
110592,4,4729,2036,2693
110608,1,43572,19750,23822
110608,2,38667,17927,20740
110608,4,4905,1823,3082
110617,1,32714,14222,18492
110617,2,29768,13112,16656
110617,4,2946,1110,1836
110635,1,40961,20378,20583
110635,2,29591,14216,15375
110635,4,11370,6162,5208
110644,1,37381,15962,21419
110644,2,30215,12571,17644
110644,4,7166,3391,3775
110653,1,32967,15831,17136
110653,2,26991,12528,14463
110653,4,5976,3303,2673
110662,1,44794,21104,23690
110662,2,31906,14063,17843
110662,4,12888,7041,5847
110671,1,22895,11248,11647
110671,2,19765,9550,10215
110671,4,3130,1698,1432
110680,1,34570,18704,15866
110680,2,27918,14670,13248
110680,4,6652,4034,2618
110699,1,3152,1160,1992
110699,4,3152,1160,1992
110705,1,24936,12099,12837
110705,2,21897,10444,11453
110705,4,3039,1655,1384
110714,1,19186,9348,9838
110714,2,17380,8321,9059
110714,4,1806,1027,779
110778,1,481,195,286
110778,2,15,5,10
110778,4,466,190,276
110875,1,145,5,140
110875,2,145,5,140
110918,1,20,17,3
110918,2,20,17,3
111009,1,453,250,203
111009,2,453,250,203
111054,1,361,105,256
111054,2,361,105,256
111081,1,1489,631,858
111081,2,975,396,579
111081,4,514,235,279
111188,1,1147,980,167
111188,2,1147,980,167
111391,1,746,314,432
111391,4,746,314,432
111434,1,10595,4006,6589
111434,2,10595,4006,6589
111461,1,30369,16717,13652
111461,2,30369,16717,13652
111513,1,287,4,283
111513,2,287,4,283
111638,1,525,141,384
111638,2,525,141,384
111708,1,383,306,77
111708,2,383,306,77
111717,1,594,325,269
111717,2,594,325,269
111726,1,500,374,126
111726,2,500,374,126
111744,1,282,269,13
111744,2,282,269,13
111762,1,207,116,91
111762,2,207,116,91
111799,1,154,40,114
111799,2,154,40,114
111887,1,27908,12761,15147
111887,2,27908,12761,15147
111896,1,8198,3021,5177
111896,2,8198,3021,5177
111920,1,19599,9059,10540
111920,2,19599,9059,10540
111939,1,27430,11528,15902
111939,2,27430,11528,15902
111948,1,8833,3551,5282
111948,2,6649,2673,3976
111948,4,2184,878,1306
111966,1,737,214,523
111966,2,115,62,53
111966,4,622,152,470
112075,1,6196,2673,3523
112075,2,2230,854,1376
112075,4,3966,1819,2147
112084,1,1084,483,601
112084,2,1077,482,595
112084,4,7,1,6
112127,1,86,43,43
112127,4,86,43,43
112172,1,17908,8372,9536
112172,2,17908,8372,9536
112181,1,154,4,150
112181,2,154,4,150
112190,1,34986,16002,18984
112190,2,34986,16002,18984
112251,1,2329,1061,1268
112251,4,2329,1061,1268
112260,1,1380,721,659
112260,2,1359,703,656
112260,4,21,18,3
112288,1,673,74,599
112288,2,673,74,599
112367,1,808,96,712
112367,2,808,96,712
112385,1,20723,11972,8751
112385,2,20723,11972,8751
112394,1,716,528,188
112394,2,716,528,188
112446,1,665,560,105
112446,2,516,464,52
112446,4,149,96,53
112455,1,65,3,62
112455,2,65,3,62
112525,1,3927,1545,2382
112525,4,3927,1545,2382
112561,1,3599,1585,2014
112561,2,3599,1585,2014
112570,1,388,215,173
112570,2,388,215,173
112686,1,11602,4354,7248
112686,2,11602,4354,7248
112826,1,9770,3989,5781
112826,2,9770,3989,5781
113096,1,20517,8924,11593
113096,2,20517,8924,11593
113111,1,8180,3760,4420
113111,2,8180,3760,4420
113193,1,14529,6919,7610
113193,2,14529,6919,7610
113218,1,13617,6137,7480
113218,2,13617,6137,7480
113236,1,21790,9685,12105
113236,2,21790,9685,12105
113333,1,32673,16510,16163
113333,2,32673,16510,16163
113449,1,307,115,192
113449,2,307,115,192
113537,1,41,23,18
113537,2,17,10,7
113537,4,24,13,11
113573,1,13300,6029,7271
113573,2,13300,6029,7271
113582,1,218,16,202
113582,2,218,16,202
113634,1,29944,14368,15576
113634,2,29944,14368,15576
113698,1,2151,582,1569
113698,2,1566,428,1138
113698,4,585,154,431
113704,1,74,63,11
113704,4,74,63,11
113856,1,53984,27183,26801
113856,2,53984,27183,26801
113980,1,32068,15259,16809
113980,2,32068,15259,16809
114044,1,745,54,691
114044,2,745,54,691
114114,1,247,62,185
114114,4,247,62,185
114123,1,733,173,560
114123,2,600,110,490
114123,4,133,63,70
114266,1,13865,6245,7620
114266,2,13865,6245,7620
114354,1,3821,432,3389
114354,2,3821,432,3389
114390,1,503,46,457
114390,2,503,46,457
114415,1,121,4,117
114415,2,121,4,117
114433,1,3643,1870,1773
114433,2,3643,1870,1773
114460,1,424,71,353
114460,2,424,71,353
114549,1,1466,377,1089
114549,4,1466,377,1089
114585,1,493,154,339
114585,4,493,154,339
114628,1,9,3,6
114628,2,9,3,6
114637,1,62,11,51
114637,2,62,11,51
114716,1,29646,14846,14800
114716,2,29646,14846,14800
114734,1,54,29,25
114734,4,54,29,25
114761,1,96,5,91
114761,2,96,5,91
114789,1,33116,15830,17286
114789,2,33116,15830,17286
114813,1,4544,1369,3175
114813,2,3019,928,2091
114813,4,1525,441,1084
114840,1,3888,2379,1509
114840,4,3888,2379,1509
114859,1,33519,16092,17427
114859,2,33519,16092,17427
114938,1,10495,6126,4369
114938,2,10495,6126,4369
114947,1,500,237,263
114947,2,500,237,263
115001,1,21491,10084,11407
115001,2,21491,10084,11407
115010,1,574,168,406
115010,2,574,168,406
115083,1,3601,1608,1993
115083,2,605,299,306
115083,4,2996,1309,1687
115126,1,17710,8135,9575
115126,2,17710,8135,9575
115214,1,238,141,97
115214,4,238,141,97
115296,1,25153,10824,14329
115296,2,25153,10824,14329
115357,1,85,11,74
115357,2,85,11,74
115393,1,17166,9736,7430
115393,2,17166,9736,7430
115409,1,831,449,382
115409,2,831,449,382
115658,1,193,17,176
115658,2,193,17,176
115728,1,1231,354,877
115728,2,747,257,490
115728,4,484,97,387
115746,1,1070,267,803
115746,4,1070,267,803
115755,1,9259,4087,5172
115755,2,8686,3875,4811
115755,4,573,212,361
115773,1,938,267,671
115773,2,753,213,540
115773,4,185,54,131
115861,1,9916,4278,5638
115861,2,9916,4278,5638
115931,1,693,484,209
115931,2,693,484,209
116226,1,283,22,261
116226,2,280,20,260
116226,4,3,2,1
116350,1,426,57,369
116350,2,426,57,369
116439,1,19473,9467,10006
116439,2,19473,9467,10006
116563,1,226,4,222
116563,2,226,4,222
116712,1,1220,309,911
116712,2,229,70,159
116712,4,991,239,752
116846,1,188,90,98
116846,2,79,39,40
116846,4,109,51,58
117052,1,16076,6373,9703
117052,2,16076,6373,9703
117104,1,686,319,367
117104,2,604,270,334
117104,4,82,49,33
117113,1,1957,1108,849
117113,2,1957,1108,849
117140,1,10450,4174,6276
117140,2,6674,2866,3808
117140,4,3776,1308,2468
117168,1,653,255,398
117168,2,611,240,371
117168,4,42,15,27
117195,1,6046,3310,2736
117195,2,6046,3310,2736
117238,1,208,44,164
117238,2,208,44,164
117247,1,19236,8525,10711
117247,2,19236,8525,10711
117274,1,4484,3551,933
117274,2,4484,3551,933
117520,1,672,380,292
117520,4,672,380,292
117548,1,290,139,151
117548,4,290,139,151
117557,1,1059,629,430
117557,2,252,134,118
117557,4,807,495,312
117575,1,345,214,131
117575,2,98,70,28
117575,4,247,144,103
117627,1,3094,1285,1809
117627,2,2405,1001,1404
117627,4,689,284,405
117636,1,5392,1966,3426
117636,2,1666,468,1198
117636,4,3726,1498,2228
117645,1,32506,14702,17804
117645,2,32506,14702,17804
117672,1,1622,650,972
117672,2,1067,328,739
117672,4,555,322,233
117690,1,13780,5583,8197
117690,2,13780,5583,8197
117706,1,29890,13521,16369
117706,2,29890,13521,16369
117715,1,10789,3373,7416
117715,2,10789,3373,7416
117724,1,22401,11791,10610
117724,2,22401,11791,10610
117733,1,27113,11586,15527
117733,2,27113,11586,15527
117751,1,2124,1346,778
117751,2,1427,748,679
117751,4,697,598,99
117788,1,29637,12610,17027
117788,2,29637,12610,17027
117803,1,262,63,199
117803,2,262,63,199
117867,1,14701,5790,8911
117867,2,14701,5790,8911
117894,1,12681,5767,6914
117894,2,12681,5767,6914
117928,1,1120,609,511
117928,2,1115,605,510
117928,4,5,4,1
117946,1,10363,4275,6088
117946,2,6624,2883,3741
117946,4,3739,1392,2347
117955,1,437,104,333
117955,2,437,104,333
118134,1,118,6,112
118134,2,118,6,112
118143,1,101,4,97
118143,2,101,4,97
118161,1,205,11,194
118161,2,205,11,194
118189,1,134,4,130
118189,2,134,4,130
118198,1,1267,337,930
118198,2,1267,337,930
118259,1,809,115,694
118259,2,809,115,694
118277,1,1756,392,1364
118277,2,1756,392,1364
118286,1,1216,277,939
118286,2,1216,277,939
118347,1,7879,3346,4533
118347,2,7879,3346,4533
118541,1,1904,857,1047
118541,2,1712,742,970
118541,4,192,115,77
118684,1,6698,2638,4060
118684,2,6698,2638,4060
118693,1,852,476,376
118693,2,852,476,376
118718,1,13778,5820,7958
118718,2,13778,5820,7958
118772,1,10948,3821,7127
118772,2,10948,3821,7127
118888,1,1497,121,1376
118888,2,917,1,916
118888,4,580,120,460
118912,1,21745,9226,12519
118912,2,21745,9226,12519
118930,1,13755,6159,7596
118930,2,13755,6159,7596
118958,1,63,3,60
118958,2,63,3,60
118967,1,1360,562,798
118967,2,1360,562,798
118976,1,24227,10183,14044
118976,2,24227,10183,14044
118994,1,254,189,65
118994,2,254,189,65
119058,1,837,290,547
119058,2,20,13,7
119058,4,817,277,540
119067,1,12729,6006,6723
119067,2,12729,6006,6723
119137,1,19571,9288,10283
119137,2,19571,9288,10283
119164,1,37803,18220,19583
119164,2,37803,18220,19583
119173,1,3786,387,3399
119173,2,3036,209,2827
119173,4,750,178,572
119216,1,20233,8461,11772
119216,2,20233,8461,11772
119270,1,1516,1189,327
119270,2,1516,1189,327
119331,1,8951,3913,5038
119331,2,8951,3913,5038
119553,1,922,321,601
119553,2,922,321,601
119605,1,28754,11410,17344
119605,2,14393,6332,8061
119605,4,14361,5078,9283
119678,1,3960,3292,668
119678,4,3960,3292,668
119775,1,586,393,193
119775,2,453,314,139
119775,4,133,79,54
119845,1,315,55,260
119845,2,315,55,260
119951,1,307,5,302
119951,2,307,5,302
120069,1,408,58,350
120069,2,408,58,350
120078,1,976,167,809
120078,2,976,167,809
120087,1,370,61,309
120087,2,370,61,309
120184,1,2229,645,1584
120184,2,1512,499,1013
120184,4,717,146,571
120254,1,2177,926,1251
120254,2,2175,925,1250
120254,4,2,1,1
120272,1,73,6,67
120272,2,73,6,67
120290,1,16861,8457,8404
120290,2,16861,8457,8404
120342,1,29075,14943,14132
120342,2,29075,14943,14132
120403,1,1243,401,842
120403,2,1154,380,774
120403,4,89,21,68
120421,1,10917,4874,6043
120421,2,10917,4874,6043
120537,1,2055,910,1145
120537,2,1438,652,786
120537,4,617,258,359
120661,1,1151,295,856
120661,2,1151,295,856
120698,1,1321,281,1040
120698,2,214,59,155
120698,4,1107,222,885
120768,1,1728,152,1576
120768,2,761,61,700
120768,4,967,91,876
120795,1,166,81,85
120795,4,166,81,85
120838,1,246,119,127
120838,2,23,16,7
120838,4,223,103,120
120865,1,1930,764,1166
120865,2,1902,758,1144
120865,4,28,6,22
120883,1,6952,3127,3825
120883,2,3973,1913,2060
120883,4,2979,1214,1765
120953,1,7158,5863,1295
120953,2,7158,5863,1295
120971,1,34340,18293,16047
120971,2,34340,18293,16047
121044,1,36283,16944,19339
121044,2,36283,16944,19339
121150,1,8500,3537,4963
121150,2,3698,1510,2188
121150,4,4802,2027,2775
121257,1,1094,472,622
121257,2,1094,472,622
121275,1,275,196,79
121275,2,275,196,79
121309,1,4621,1543,3078
121309,2,3062,1086,1976
121309,4,1559,457,1102
121345,1,1661,826,835
121345,2,1661,826,835
121363,1,5322,2101,3221
121363,2,5322,2101,3221
121433,1,146,11,135
121433,2,146,11,135
121619,1,46704,29346,17358
121619,2,46704,29346,17358
121628,1,107,59,48
121628,4,107,59,48
121637,1,129,4,125
121637,2,129,4,125
121691,1,6061,2709,3352
121691,2,3848,1709,2139
121691,4,2213,1000,1213
121707,1,6235,2837,3398
121707,2,6235,2837,3398
121859,1,241,13,228
121859,2,241,13,228
121868,1,153,3,150
121868,2,153,3,150
121886,1,28014,16067,11947
121886,2,28014,16067,11947
121901,1,27802,11975,15827
121901,2,27802,11975,15827
121983,1,470,147,323
121983,2,170,54,116
121983,4,300,93,207
121992,1,218,65,153
121992,2,218,65,153
122117,1,337,156,181
122117,2,79,39,40
122117,4,258,117,141
122126,1,216,25,191
122126,2,43,3,40
122126,4,173,22,151
122180,1,32814,14063,18751
122180,2,32814,14063,18751
122205,1,30330,13521,16809
122205,2,30330,13521,16809
122296,1,2030,487,1543
122296,2,851,159,692
122296,4,1179,328,851
122339,1,25862,12141,13721
122339,2,25862,12141,13721
122366,1,244,231,13
122366,2,244,231,13
122375,1,36580,17349,19231
122375,2,36580,17349,19231
122384,1,22005,12369,9636
122384,2,22005,12369,9636
122409,1,36451,16302,20149
122409,2,30960,14117,16843
122409,4,5491,2185,3306
122436,1,9267,4027,5240
122436,2,6166,2821,3345
122436,4,3101,1206,1895
122454,1,752,282,470
122454,2,541,202,339
122454,4,211,80,131
122506,1,395,190,205
122506,2,167,92,75
122506,4,228,98,130
122597,1,33538,14548,18990
122597,2,29787,13155,16632
122597,4,3751,1393,2358
122603,1,194,104,90
122603,4,194,104,90
122612,1,12353,4610,7743
122612,2,7469,2895,4574
122612,4,4884,1715,3169
122649,1,188,100,88
122649,4,188,100,88
122658,1,25070,10493,14577
122658,2,25070,10493,14577
122685,1,9189,2731,6458
122685,2,9189,2731,6458
122728,1,1439,584,855
122728,2,1286,532,754
122728,4,153,52,101
122746,1,12811,5595,7216
122746,2,12811,5595,7216
122755,1,34395,17561,16834
122755,2,27855,14541,13314
122755,4,6540,3020,3520
122791,1,13890,6826,7064
122791,2,13890,6826,7064
122834,1,863,252,611
122834,2,863,252,611
122852,1,247,50,197
122852,2,247,50,197
122889,1,25556,11735,13821
122889,2,25556,11735,13821
122931,1,9785,4911,4874
122931,2,5759,2907,2852
122931,4,4026,2004,2022
122977,1,43356,20165,23191
122977,2,43356,20165,23191
123013,1,32465,14673,17792
123013,2,32465,14673,17792
123095,1,657,180,477
123095,4,657,180,477
123165,1,1059,22,1037
123165,2,1023,5,1018
123165,4,36,17,19
123217,1,14544,6329,8215
123217,2,14544,6329,8215
123280,1,61,37,24
123280,2,48,28,20
123280,4,13,9,4
123299,1,12300,5253,7047
123299,2,12300,5253,7047
123341,1,24931,11287,13644
123341,2,24931,11287,13644
123350,1,169,16,153
123350,2,169,16,153
123396,1,103,7,96
123396,2,103,7,96
123448,1,197,95,102
123448,4,197,95,102
123457,1,1405,502,903
123457,2,1081,385,696
123457,4,324,117,207
123484,1,4281,2570,1711
123484,2,4281,2570,1711
123493,1,780,282,498
123493,2,780,282,498
123509,1,15862,7295,8567
123509,2,15862,7295,8567
123527,1,17811,7487,10324
123527,2,17811,7487,10324
123554,1,4639,1803,2836
123554,2,3105,1251,1854
123554,4,1534,552,982
123563,1,14284,6013,8271
123563,2,14284,6013,8271
123572,1,9926,3683,6243
123572,2,9053,3458,5595
123572,4,873,225,648
123633,1,831,364,467
123633,2,90,32,58
123633,4,741,332,409
123642,1,429,45,384
123642,2,429,45,384
123651,1,2864,958,1906
123651,2,2451,838,1613
123651,4,413,120,293
123679,1,1060,317,743
123679,2,1060,317,743
123800,1,24768,11492,13276
123800,2,24768,11492,13276
123855,1,123,114,9
123855,4,123,114,9
123916,1,105,32,73
123916,4,105,32,73
123943,1,471,123,348
123943,4,471,123,348
123952,1,542,324,218
123952,2,287,180,107
123952,4,255,144,111
123961,1,47765,22536,25229
123961,2,20543,10196,10347
123961,4,27222,12340,14882
123970,1,1097,471,626
123970,4,1097,471,626
124113,1,9261,5865,3396
124113,2,9261,5865,3396
124283,1,404,228,176
124283,4,404,228,176
124292,1,378,191,187
124292,2,378,191,187
124487,1,311,150,161
124487,2,275,138,137
124487,4,36,12,24
124681,1,1090,300,790
124681,2,1090,300,790
124706,1,1205,225,980
124706,2,1205,225,980
124779,1,21,1,20
124779,2,21,1,20
124937,1,1220,369,851
124937,2,1220,369,851
125028,1,19252,8411,10841
125028,2,19252,8411,10841
125037,1,122,49,73
125037,4,122,49,73
125082,1,176,29,147
125082,2,176,29,147
125091,1,16344,6992,9352
125091,2,16344,6992,9352
125170,1,12028,5196,6832
125170,2,12028,5196,6832
125231,1,83654,20541,63113
125231,2,13809,3388,10421
125231,4,69845,17153,52692
125310,1,45,14,31
125310,2,45,14,31
125462,1,4545,1920,2625
125462,2,4545,1920,2625
125471,1,18120,7343,10777
125471,2,18120,7343,10777
125499,1,14455,6776,7679
125499,2,14455,6776,7679
125532,1,2130,219,1911
125532,2,2130,219,1911
125718,1,150,138,12
125718,4,150,138,12
125727,1,1359,528,831
125727,2,1359,528,831
125763,1,2407,999,1408
125763,2,1709,748,961
125763,4,698,251,447
125897,1,1832,915,917
125897,2,1526,765,761
125897,4,306,150,156
126012,1,467,107,360
126012,4,467,107,360
126030,1,366,170,196
126030,4,366,170,196
126049,1,742,346,396
126049,4,742,346,396
126076,1,234,234,0
126076,2,234,234,0
126119,1,10244,4008,6236
126119,2,10244,4008,6236
126164,1,116,2,114
126164,2,116,2,114
126182,1,4336,2048,2288
126182,2,2685,1485,1200
126182,4,1651,563,1088
126207,1,7540,3094,4446
126207,2,7540,3094,4446
126289,1,14593,6278,8315
126289,2,14593,6278,8315
126359,1,642,74,568
126359,2,642,74,568
126401,1,306,87,219
126401,2,306,87,219
126562,1,30135,12757,17378
126562,2,18332,8320,10012
126562,4,11803,4437,7366
126580,1,16339,7664,8675
126580,2,13528,6425,7103
126580,4,2811,1239,1572
126605,1,436,406,30
126605,2,436,406,30
126614,1,37018,20505,16513
126614,2,30187,16683,13504
126614,4,6831,3822,3009
126669,1,10872,4021,6851
126669,2,10088,3771,6317
126669,4,784,250,534
126678,1,2416,1075,1341
126678,2,2322,1059,1263
126678,4,94,16,78
126687,1,1191,196,995
126687,2,1191,196,995
126702,1,1619,879,740
126702,2,1619,879,740
126711,1,8588,3822,4766
126711,2,8588,3822,4766
126748,1,1638,724,914
126748,2,1638,724,914
126775,1,6992,4713,2279
126775,2,4821,3493,1328
126775,4,2171,1220,951
126784,1,284,282,2
126784,2,284,282,2
126818,1,35449,17165,18284
126818,2,26719,12919,13800
126818,4,8730,4246,4484
126827,1,43755,16782,26973
126827,2,38580,14431,24149
126827,4,5175,2351,2824
126863,1,10529,4355,6174
126863,2,10529,4355,6174
126872,1,397,81,316
126872,2,397,81,316
126915,1,653,213,440
126915,2,653,213,440
126942,1,13616,5993,7623
126942,2,13616,5993,7623
126951,1,1638,1550,88
126951,2,1638,1550,88
126979,1,1115,634,481
126979,4,1115,634,481
127060,1,13722,5986,7736
127060,2,6151,2851,3300
127060,4,7571,3135,4436
127158,1,4891,3670,1221
127158,2,4891,3670,1221
127185,1,4123,2009,2114
127185,2,4086,2003,2083
127185,4,37,6,31
127200,1,30086,12941,17145
127200,2,30086,12941,17145
127219,1,44,7,37
127219,2,44,7,37
127228,1,190,11,179
127228,2,190,11,179
127273,1,366,162,204
127273,4,366,162,204
127316,1,407,67,340
127316,2,407,67,340
127389,1,996,451,545
127389,2,996,451,545
127556,1,10958,5052,5906
127556,2,10751,4988,5763
127556,4,207,64,143
127565,1,25417,11758,13659
127565,2,24868,11597,13271
127565,4,549,161,388
127617,1,2171,739,1432
127617,2,2171,739,1432
127653,1,1133,365,768
127653,2,516,186,330
127653,4,617,179,438
127680,1,357,169,188
127680,2,357,169,188
127714,1,1173,716,457
127714,2,1173,716,457
127732,1,2185,885,1300
127732,2,2185,885,1300
127741,1,14724,4891,9833
127741,2,10835,3968,6867
127741,4,3889,923,2966
127778,1,1847,805,1042
127778,2,1847,805,1042
127787,1,400,62,338
127787,2,400,62,338
127820,1,19020,8432,10588
127820,2,19020,8432,10588
127839,1,593,145,448
127839,2,593,145,448
127884,1,8916,4131,4785
127884,2,8916,4131,4785
127909,1,13682,6738,6944
127909,2,13682,6738,6944
127918,1,11390,4330,7060
127918,2,5548,2274,3274
127918,4,5842,2056,3786
127945,1,1369,476,893
127945,2,1345,469,876
127945,4,24,7,17
127954,1,94,5,89
127954,2,29,0,29
127954,4,65,5,60
128106,1,16565,4903,11662
128106,2,6683,3057,3626
128106,4,9882,1846,8036
128151,1,1342,630,712
128151,2,1342,630,712
128179,1,1381,1126,255
128179,2,1381,1126,255
128188,1,1314,549,765
128188,2,1314,549,765
128258,1,2291,1034,1257
128258,2,2291,1034,1257
128328,1,4112,3147,965
128328,2,4112,3147,965
128337,1,124,1,123
128337,2,124,1,123
128391,1,3821,1993,1828
128391,2,3268,1816,1452
128391,4,553,177,376
128498,1,2145,682,1463
128498,2,1658,549,1109
128498,4,487,133,354
128540,1,160,5,155
128540,2,160,5,155
128577,1,2388,1059,1329
128577,2,2388,1059,1329
128586,1,67,67,0
128586,2,67,67,0
128674,1,602,174,428
128674,2,602,174,428
128683,1,858,200,658
128683,2,858,200,658
128726,1,207,34,173
128726,2,207,34,173
128744,1,6770,2964,3806
128744,2,3351,1196,2155
128744,4,3419,1768,1651
128771,1,14280,7060,7220
128771,2,11213,5976,5237
128771,4,3067,1084,1983
128780,1,2507,805,1702
128780,2,2507,805,1702
128896,1,457,109,348
128896,2,457,109,348
128902,1,1976,755,1221
128902,2,1972,754,1218
128902,4,4,1,3
129002,1,505,314,191
129002,2,505,314,191
129020,1,29499,14657,14842
129020,2,20152,10097,10055
129020,4,9347,4560,4787
129154,1,5019,935,4084
129154,2,5019,935,4084
129181,1,1200,1136,64
129181,2,1200,1136,64
129215,1,5989,2729,3260
129215,2,5699,2629,3070
129215,4,290,100,190
129242,1,5901,2292,3609
129242,2,4398,1767,2631
129242,4,1503,525,978
129349,1,192,6,186
129349,2,192,6,186
129367,1,5227,1595,3632
129367,2,5227,1595,3632
129428,1,144,106,38
129428,4,144,106,38
129482,1,641,124,517
129482,2,641,124,517
129491,1,176,88,88
129491,4,176,88,88
129525,1,8842,4239,4603
129525,2,6085,3051,3034
129525,4,2757,1188,1569
129534,1,626,444,182
129534,2,176,110,66
129534,4,450,334,116
129543,1,7319,2854,4465
129543,2,7319,2854,4465
129695,1,9964,4532,5432
129695,2,9964,4532,5432
129729,1,9299,3946,5353
129729,2,9299,3946,5353
129756,1,4355,1790,2565
129756,2,4355,1790,2565
129774,1,790,440,350
129774,2,790,440,350
129808,1,5639,2348,3291
129808,2,5639,2348,3291
129923,1,687,296,391
129923,2,687,296,391
129932,1,710,683,27
129932,2,710,683,27
129941,1,7774,4037,3737
129941,2,5386,2744,2642
129941,4,2388,1293,1095
129969,1,389,83,306
129969,2,389,83,306
130004,1,8483,3630,4853
130004,2,8483,3630,4853
130040,1,2015,666,1349
130040,2,2015,666,1349
130110,1,143,49,94
130110,2,143,49,94
130174,1,4195,2818,1377
130174,2,4195,2818,1377
130183,1,15219,6181,9038
130183,2,14096,5767,8329
130183,4,1123,414,709
130217,1,2098,833,1265
130217,2,2098,833,1265
130226,1,10962,4203,6759
130226,2,7418,2918,4500
130226,4,3544,1285,2259
130253,1,9939,3267,6672
130253,2,5775,2065,3710
130253,4,4164,1202,2962
130314,1,3109,379,2730
130314,2,1124,34,1090
130314,4,1985,345,1640
130396,1,11003,4531,6472
130396,2,11003,4531,6472
130448,1,1009,142,867
130448,2,1009,142,867
130493,1,12356,4514,7842
130493,2,9286,3666,5620
130493,4,3070,848,2222
130509,1,816,75,741
130509,2,816,75,741
130581,1,138,44,94
130581,4,138,44,94
130590,1,2590,1331,1259
130590,2,2434,1257,1177
130590,4,156,74,82
130606,1,5920,2627,3293
130606,2,5920,2627,3293
130624,1,583,233,350
130624,2,583,233,350
130697,1,3412,1551,1861
130697,2,3091,1403,1688
130697,4,321,148,173
130776,1,7094,3220,3874
130776,2,6423,2987,3436
130776,4,671,233,438
130785,1,12,1,11
130785,4,12,1,11
130794,1,14107,6988,7119
130794,2,7150,3494,3656
130794,4,6957,3494,3463
130837,1,46,7,39
130837,2,46,7,39
130873,1,686,39,647
130873,2,686,39,647
130907,1,18957,7167,11790
130907,2,18957,7167,11790
130934,1,4820,1808,3012
130934,2,4413,1638,2775
130934,4,407,170,237
130943,1,24551,10797,13754
130943,2,20498,8783,11715
130943,4,4053,2014,2039
130989,1,2605,1294,1311
130989,2,692,286,406
130989,4,1913,1008,905
131061,1,178,6,172
131061,2,178,6,172
131098,1,1784,785,999
131098,2,1693,749,944
131098,4,91,36,55
131113,1,21374,8104,13270
131113,2,12169,4371,7798
131113,4,9205,3733,5472
131159,1,14882,5648,9234
131159,2,8666,3274,5392
131159,4,6216,2374,3842
131283,1,6997,3273,3724
131283,2,3561,1679,1882
131283,4,3436,1594,1842
131399,1,6178,2420,3758
131399,2,5754,2285,3469
131399,4,424,135,289
131405,1,126,87,39
131405,4,126,87,39
131450,1,1654,667,987
131450,2,1126,535,591
131450,4,528,132,396
131469,1,29735,12633,17102
131469,2,12039,5307,6732
131469,4,17696,7326,10370
131496,1,21817,10061,11756
131496,2,8719,3879,4840
131496,4,13098,6182,6916
131520,1,10492,3688,6804
131520,2,7203,2382,4821
131520,4,3289,1306,1983
131803,1,1898,714,1184
131803,2,1330,493,837
131803,4,568,221,347
131830,1,55,32,23
131830,2,55,32,23
131876,1,2498,188,2310
131876,2,1796,64,1732
131876,4,702,124,578
131973,1,778,405,373
131973,4,778,405,373
132268,1,380,364,16
132268,2,380,364,16
132338,1,1747,777,970
132338,2,1747,777,970
132374,1,4654,3845,809
132374,2,4654,3845,809
132408,1,567,361,206
132408,2,537,337,200
132408,4,30,24,6
132471,1,9387,3301,6086
132471,2,4403,1740,2663
132471,4,4984,1561,3423
132602,1,4287,1787,2500
132602,2,4063,1703,2360
132602,4,224,84,140
132657,1,3242,1618,1624
132657,2,2186,1136,1050
132657,4,1056,482,574
132675,1,247,102,145
132675,2,247,102,145
132693,1,20692,8474,12218
132693,2,20692,8474,12218
132709,1,63024,25897,37127
132709,2,63024,25897,37127
132806,1,15,1,14
132806,2,15,1,14
132842,1,1475,340,1135
132842,2,589,167,422
132842,4,886,173,713
132851,1,10099,3861,6238
132851,2,10099,3861,6238
132879,1,220,118,102
132879,2,220,118,102
132903,1,74170,32973,41197
132903,2,63692,28683,35009
132903,4,10478,4290,6188
132976,1,289,82,207
132976,2,289,82,207
133021,1,2712,1016,1696
133021,2,2712,1016,1696
133155,1,881,377,504
133155,2,881,377,504
133386,1,20303,8130,12173
133386,2,20303,8130,12173
133465,1,1762,334,1428
133465,2,1511,279,1232
133465,4,251,55,196
133492,1,2278,869,1409
133492,2,2278,869,1409
133508,1,21180,8359,12821
133508,2,21180,8359,12821
133526,1,3650,1720,1930
133526,2,3650,1720,1930
133553,1,6263,5034,1229
133553,2,5629,4571,1058
133553,4,634,463,171
133650,1,11178,4108,7070
133650,2,9130,3363,5767
133650,4,2048,745,1303
133669,1,38224,16400,21824
133669,2,32087,13963,18124
133669,4,6137,2437,3700
133702,1,41069,16449,24620
133702,2,41069,16449,24620
133711,1,2840,1116,1724
133711,2,2840,1116,1724
133809,1,576,270,306
133809,2,576,270,306
133845,1,873,114,759
133845,2,873,114,759
133854,1,855,147,708
133854,2,855,147,708
133863,1,779,114,665
133863,2,779,114,665
133872,1,2533,548,1985
133872,2,2260,475,1785
133872,4,273,73,200
133881,1,7849,5194,2655
133881,2,3902,2763,1139
133881,4,3947,2431,1516
133942,1,79,7,72
133942,2,79,7,72
133951,1,66721,28858,37863
133951,2,55100,24043,31057
133951,4,11621,4815,6806
133960,1,1482,659,823
133960,2,1482,659,823
133979,1,1650,602,1048
133979,2,1569,587,982
133979,4,81,15,66
133997,1,483,220,263
133997,2,483,220,263
134024,1,249,77,172
134024,2,249,77,172
134079,1,3174,1077,2097
134079,2,2737,961,1776
134079,4,437,116,321
134097,1,44269,19916,24353
134097,2,35129,15883,19246
134097,4,9140,4033,5107
134112,1,7285,2135,5150
134112,2,7285,2135,5150
134130,1,57377,26259,31118
134130,2,36703,16559,20144
134130,4,20674,9700,10974
134149,1,918,209,709
134149,2,737,166,571
134149,4,181,43,138
134228,1,34,14,20
134228,2,34,14,20
134237,1,27777,19612,8165
134237,2,24698,17953,6745
134237,4,3079,1659,1420
134291,1,901,694,207
134291,2,901,694,207
134307,1,1408,1328,80
134307,2,1408,1328,80
134343,1,8157,3366,4791
134343,2,8157,3366,4791
134422,1,162,20,142
134422,2,162,20,142
134495,1,37959,16532,21427
134495,2,37959,16532,21427
134510,1,261,143,118
134510,2,261,143,118
134529,1,455,39,416
134529,2,455,39,416
134574,1,300,90,210
134574,2,300,90,210
134608,1,24729,9849,14880
134608,2,24729,9849,14880
134680,1,358,141,217
134680,2,358,141,217
134714,1,364,59,305
134714,2,364,59,305
134811,1,3313,1248,2065
134811,2,3220,1226,1994
134811,4,93,22,71
134945,1,5462,1700,3762
134945,2,4062,1344,2718
134945,4,1400,356,1044
135063,1,483,93,390
135063,2,483,93,390
135081,1,35462,10826,24636
135081,2,32937,10055,22882
135081,4,2525,771,1754
135124,1,964,182,782
135124,2,964,182,782
135142,1,479,13,466
135142,2,479,13,466
135160,1,4207,1545,2662
135160,2,4207,1545,2662
135179,1,1073,547,526
135179,2,1073,547,526
135188,1,6078,2382,3696
135188,2,6078,2382,3696
135267,1,1348,942,406
135267,2,1348,942,406
135276,1,889,540,349
135276,2,889,540,349
135294,1,1249,711,538
135294,2,1249,711,538
135337,1,254,23,231
135337,2,254,23,231
135364,1,1427,1041,386
135364,2,454,322,132
135364,4,973,719,254
135391,1,14939,5805,9134
135391,2,14939,5805,9134
135407,1,1712,900,812
135407,2,1712,900,812
135522,1,557,269,288
135522,2,557,269,288
135559,1,126,16,110
135559,2,126,16,110
135610,1,351,146,205
135610,2,234,100,134
135610,4,117,46,71
135647,1,1791,1391,400
135647,2,1791,1391,400
135717,1,91749,38886,52863
135717,2,91749,38886,52863
135726,1,18915,9180,9735
135726,2,12243,5920,6323
135726,4,6672,3260,3412
135735,1,3169,2461,708
135735,2,3169,2461,708
135771,1,712,157,555
135771,2,712,157,555
135939,1,52,21,31
135939,2,52,21,31
136066,1,895,523,372
136066,2,895,523,372
136109,1,210,13,197
136109,2,210,13,197
136145,1,1682,577,1105
136145,2,1682,577,1105
136172,1,18821,8192,10629
136172,2,16481,7387,9094
136172,4,2340,805,1535
136215,1,27202,8211,18991
136215,2,5136,1519,3617
136215,4,22066,6692,15374
136233,1,8632,3738,4894
136233,2,8632,3738,4894
136288,1,367,112,255
136288,2,328,90,238
136288,4,39,22,17
136303,1,1710,696,1014
136303,2,1710,696,1014
136330,1,4443,1618,2825
136330,2,3402,1275,2127
136330,4,1041,343,698
136358,1,41851,17830,24021
136358,2,41851,17830,24021
136400,1,15199,6004,9195
136400,2,15199,6004,9195
136473,1,13812,5467,8345
136473,2,13812,5467,8345
136491,1,1834,1114,720
136491,2,1834,1114,720
136516,1,15197,5659,9538
136516,2,15197,5659,9538
136659,1,776,413,363
136659,2,776,413,363
136701,1,151,145,6
136701,4,151,145,6
136765,1,517,261,256
136765,2,517,261,256
136774,1,1277,473,804
136774,2,1277,473,804
136783,1,85,8,77
136783,2,85,8,77
136826,1,1239,825,414
136826,2,1239,825,414
136950,1,3521,1487,2034
136950,2,2874,1200,1674
136950,4,647,287,360
137023,1,866,413,453
137023,2,866,413,453
137032,1,27146,11279,15867
137032,2,21098,8917,12181
137032,4,6048,2362,3686
137078,1,41532,16688,24844
137078,2,41532,16688,24844
137087,1,1585,916,669
137087,2,1585,916,669
137096,1,19909,9001,10908
137096,2,19909,9001,10908
137120,1,1744,1117,627
137120,2,1744,1117,627
137148,1,768,203,565
137148,2,211,69,142
137148,4,557,134,423
137209,1,24801,10957,13844
137209,2,24801,10957,13844
137245,1,2840,1404,1436
137245,2,2840,1404,1436
137272,1,92,91,1
137272,2,65,64,1
137272,4,27,27,0
137281,1,9241,3452,5789
137281,2,9241,3452,5789
137315,1,3532,1398,2134
137315,2,3532,1398,2134
137351,1,47019,21009,26010
137351,2,34324,15514,18810
137351,4,12695,5495,7200
137476,1,6263,2453,3810
137476,2,3753,1589,2164
137476,4,2510,864,1646
137546,1,4600,1976,2624
137546,2,3179,1367,1812
137546,4,1421,609,812
137564,1,5325,2290,3035
137564,2,4489,1981,2508
137564,4,836,309,527
137591,1,609,145,464
137591,2,609,145,464
137713,1,233,55,178
137713,2,233,55,178
137759,1,17416,8185,9231
137759,2,17416,8185,9231
137777,1,59,59,0
137777,2,47,47,0
137777,4,12,12,0
137801,1,617,342,275
137801,2,578,325,253
137801,4,39,17,22
137810,1,354,122,232
137810,2,341,118,223
137810,4,13,4,9
137847,1,9067,3915,5152
137847,2,7724,3291,4433
137847,4,1343,624,719
137856,1,237,123,114
137856,2,237,123,114
137865,1,618,316,302
137865,2,618,316,302
137953,1,489,289,200
137953,2,459,273,186
137953,4,30,16,14
137962,1,250,137,113
137962,2,250,137,113
138132,1,128,13,115
138132,2,128,13,115
138187,1,60908,27131,33777
138187,2,60908,27131,33777
138275,1,1362,678,684
138275,2,1164,598,566
138275,4,198,80,118
138284,1,574,289,285
138284,2,574,289,285
138293,1,807,563,244
138293,2,747,529,218
138293,4,60,34,26
138309,1,12305,3039,9266
138309,2,12305,3039,9266
138354,1,16163,6621,9542
138354,2,12463,5359,7104
138354,4,3700,1262,2438
138372,1,2174,1251,923
138372,2,2174,1251,923
138479,1,1599,870,729
138479,2,1599,870,729
138488,1,1462,692,770
138488,2,1462,692,770
138497,1,481,300,181
138497,2,481,300,181
138558,1,3991,1864,2127
138558,2,3991,1864,2127
138600,1,959,13,946
138600,2,959,13,946
138655,1,727,536,191
138655,2,727,536,191
138664,1,84,19,65
138664,2,84,19,65
138682,1,5036,1843,3193
138682,2,5036,1843,3193
138691,1,7221,1920,5301
138691,2,7221,1920,5301
138716,1,3949,1252,2697
138716,2,3303,1127,2176
138716,4,646,125,521
138761,1,352,178,174
138761,2,352,178,174
138789,1,8319,2714,5605
138789,2,7357,2481,4876
138789,4,962,233,729
138813,1,3191,1772,1419
138813,2,3191,1772,1419
138822,1,874,62,812
138822,2,874,62,812
138840,1,6017,2107,3910
138840,2,6017,2107,3910
138868,1,1849,904,945
138868,2,1849,904,945
138901,1,4437,1594,2843
138901,2,4437,1594,2843
138929,1,553,216,337
138929,4,553,216,337
138938,1,553,124,429
138938,2,553,124,429
138947,1,4028,1187,2841
138947,2,3022,865,2157
138947,4,1006,322,684
138956,1,6363,2694,3669
138956,2,6363,2694,3669
139010,1,3226,1049,2177
139010,2,3226,1049,2177
139144,1,2380,896,1484
139144,2,2189,835,1354
139144,4,191,61,130
139153,1,802,381,421
139153,2,513,238,275
139153,4,289,143,146
139199,1,3826,559,3267
139199,2,2057,235,1822
139199,4,1769,324,1445
139205,1,798,471,327
139205,2,798,471,327
139214,1,319,12,307
139214,2,319,12,307
139250,1,3847,1323,2524
139250,2,3847,1323,2524
139278,1,9306,3243,6063
139278,2,9306,3243,6063
139287,1,137,82,55
139287,2,137,82,55
139311,1,8618,2714,5904
139311,2,8051,2515,5536
139311,4,567,199,368
139348,1,260,132,128
139348,4,260,132,128
139357,1,5344,1933,3411
139357,2,5344,1933,3411
139366,1,10388,4247,6141
139366,2,8439,3404,5035
139366,4,1949,843,1106
139384,1,8265,3065,5200
139384,2,8265,3065,5200
139393,1,1150,487,663
139393,2,1081,464,617
139393,4,69,23,46
139463,1,5895,2392,3503
139463,2,5895,2392,3503
139506,1,236,106,130
139506,2,236,106,130
139579,1,2241,653,1588
139579,2,1150,378,772
139579,4,1091,275,816
139621,1,3805,1598,2207
139621,2,3805,1598,2207
139630,1,937,499,438
139630,2,937,499,438
139658,1,15421,6552,8869
139658,2,7764,3224,4540
139658,4,7657,3328,4329
139700,1,7580,2778,4802
139700,2,7580,2778,4802
139719,1,3059,1219,1840
139719,2,2553,1092,1461
139719,4,506,127,379
139746,1,72,13,59
139746,2,72,13,59
139755,1,28743,20153,8590
139755,2,16694,10836,5858
139755,4,12049,9317,2732
139764,1,3274,1126,2148
139764,2,2868,1052,1816
139764,4,406,74,332
139861,1,7920,3074,4846
139861,2,6751,2674,4077
139861,4,1169,400,769
139931,1,23702,11263,12439
139931,2,20522,10168,10354
139931,4,3180,1095,2085
139940,1,38084,15468,22616
139940,2,29438,12070,17368
139940,4,8646,3398,5248
139959,1,39887,17021,22866
139959,2,30197,13128,17069
139959,4,9690,3893,5797
139968,1,4754,1535,3219
139968,2,4754,1535,3219
139986,1,6697,2287,4410
139986,2,6697,2287,4410
139995,1,220,88,132
139995,2,220,88,132
140003,1,636,81,555
140003,2,636,81,555
140012,1,10112,4110,6002
140012,2,10112,4110,6002
140146,1,291,170,121
140146,4,291,170,121
140234,1,1168,535,633
140234,2,971,482,489
140234,4,197,53,144
140243,1,5111,2049,3062
140243,2,5111,2049,3062
140252,1,2928,1489,1439
140252,2,638,306,332
140252,4,2290,1183,1107
140331,1,14402,6280,8122
140331,2,14402,6280,8122
140340,1,1116,483,633
140340,2,902,344,558
140340,4,214,139,75
140447,1,9696,3616,6080
140447,2,5057,1965,3092
140447,4,4639,1651,2988
140553,1,2266,2261,5
140553,2,2266,2261,5
140562,1,470,167,303
140562,4,470,167,303
140678,1,3697,1476,2221
140678,2,3697,1476,2221
140696,1,1663,616,1047
140696,2,1663,616,1047
140720,1,692,275,417
140720,2,692,275,417
140818,1,2954,795,2159
140818,2,1576,499,1077
140818,4,1378,296,1082
140827,1,114,48,66
140827,2,114,48,66
140872,1,1564,804,760
140872,2,1440,770,670
140872,4,124,34,90
140942,1,6253,2477,3776
140942,2,6253,2477,3776
140951,1,13594,4746,8848
140951,2,10867,3747,7120
140951,4,2727,999,1728
140960,1,5445,2283,3162
140960,2,5266,2237,3029
140960,4,179,46,133
140988,1,1805,751,1054
140988,2,1656,693,963
140988,4,149,58,91
141006,1,2725,1445,1280
141006,2,2725,1445,1280
141015,1,399,159,240
141015,2,399,159,240
141060,1,2180,0,2180
141060,2,2180,0,2180
141167,1,1454,527,927
141167,2,975,425,550
141167,4,479,102,377
141185,1,1150,519,631
141185,2,1150,519,631
141237,1,2155,989,1166
141237,2,2131,969,1162
141237,4,24,20,4
141255,1,5635,2004,3631
141255,2,5635,2004,3631
141264,1,13444,5096,8348
141264,2,10218,4223,5995
141264,4,3226,873,2353
141325,1,855,39,816
141325,2,780,27,753
141325,4,75,12,63
141334,1,14879,5263,9616
141334,2,12171,4524,7647
141334,4,2708,739,1969
141361,1,1231,537,694
141361,2,1231,537,694
141486,1,3179,1145,2034
141486,2,2299,852,1447
141486,4,880,293,587
141565,1,4529,1708,2821
141565,2,3899,1482,2417
141565,4,630,226,404
141574,1,21865,9521,12344
141574,2,15844,7125,8719
141574,4,6021,2396,3625
141608,1,142,64,78
141608,2,142,64,78
141644,1,5651,2502,3149
141644,2,4725,2085,2640
141644,4,926,417,509
141680,1,5910,3279,2631
141680,2,5910,3279,2631
141796,1,11035,4525,6510
141796,2,11035,4525,6510
141802,1,1702,629,1073
141802,2,1702,629,1073
141811,1,10733,4313,6420
141811,2,10733,4313,6420
141839,1,4647,1665,2982
141839,2,4647,1665,2982
141848,1,90,2,88
141848,2,90,2,88
141936,1,46,12,34
141936,4,46,12,34
141945,1,120,79,41
141945,2,120,79,41
141981,1,3416,1168,2248
141981,2,3416,1168,2248
141990,1,3896,1423,2473
141990,2,3896,1423,2473
142054,1,666,89,577
142054,2,666,89,577
142090,1,163,88,75
142090,2,163,88,75
142115,1,28888,12418,16470
142115,2,22234,10293,11941
142115,4,6654,2125,4529
142179,1,1012,372,640
142179,2,1012,372,640
142276,1,15949,7432,8517
142276,2,13626,6345,7281
142276,4,2323,1087,1236
142285,1,13553,7168,6385
142285,2,10784,5634,5150
142285,4,2769,1534,1235
142294,1,1102,541,561
142294,2,1070,532,538
142294,4,32,9,23
142328,1,4779,1756,3023
142328,2,4779,1756,3023
142407,1,104,6,98
142407,2,104,6,98
142416,1,22,3,19
142416,2,22,3,19
142443,1,7478,2919,4559
142443,2,7478,2919,4559
142461,1,4453,1825,2628
142461,2,3568,1469,2099
142461,4,885,356,529
142489,1,42,0,42
142489,2,42,0,42
142522,1,65811,29141,36670
142522,2,65811,29141,36670
142559,1,11204,4233,6971
142559,2,11204,4233,6971
142832,1,1469,293,1176
142832,4,1469,293,1176
142869,1,42,2,40
142869,2,42,2,40
142878,1,30,2,28
142878,2,30,2,28
142887,1,335,133,202
142887,2,335,133,202
142957,1,55,31,24
142957,2,28,14,14
142957,4,27,17,10
143048,1,4847,1319,3528
143048,2,3889,1035,2854
143048,4,958,284,674
143084,1,2571,1097,1474
143084,2,2571,1097,1474
143118,1,6547,2003,4544
143118,2,3980,1401,2579
143118,4,2567,602,1965
143181,1,75,7,68
143181,2,75,7,68
143215,1,18706,8953,9753
143215,2,18706,8953,9753
143233,1,62,31,31
143233,4,62,31,31
143279,1,9830,4395,5435
143279,2,9830,4395,5435
143288,1,626,291,335
143288,2,626,291,335
143297,1,268,34,234
143297,2,248,33,215
143297,4,20,1,19
143303,1,15,1,14
143303,2,15,1,14
143358,1,5926,2962,2964
143358,2,4647,2317,2330
143358,4,1279,645,634
143376,1,427,14,413
143376,2,427,14,413
143464,1,154,2,152
143464,2,154,2,152
143473,1,67,2,65
143473,2,67,2,65
143482,1,114,2,112
143482,2,114,2,112
143491,1,139,6,133
143491,2,139,6,133
143516,1,58,5,53
143516,2,58,5,53
143543,1,144,5,139
143543,2,144,5,139
143552,1,95,0,95
143552,2,95,0,95
143613,1,2922,1105,1817
143613,2,2922,1105,1817
143659,1,354,230,124
143659,4,354,230,124
143695,1,23,0,23
143695,2,23,0,23
143853,1,3093,1272,1821
143853,4,3093,1272,1821
143978,1,1503,243,1260
143978,4,1503,243,1260
144005,1,5564,1778,3786
144005,2,3968,1161,2807
144005,4,1596,617,979
144014,1,303,147,156
144014,4,303,147,156
144050,1,17229,9833,7396
144050,2,6046,3173,2873
144050,4,11183,6660,4523
144157,1,6926,2685,4241
144157,2,6926,2685,4241
144166,1,9513,3095,6418
144166,2,9513,3095,6418
144175,1,7479,3477,4002
144175,2,7479,3477,4002
144184,1,15850,6863,8987
144184,2,15850,6863,8987
144193,1,14263,6090,8173
144193,2,14263,6090,8173
144209,1,13946,5822,8124
144209,2,13946,5822,8124
144218,1,17301,7316,9985
144218,2,17301,7316,9985
144281,1,9939,4172,5767
144281,2,9492,4026,5466
144281,4,447,146,301
144351,1,6819,2278,4541
144351,2,1579,664,915
144351,4,5240,1614,3626
144467,1,1182,553,629
144467,2,1182,553,629
144485,1,730,532,198
144485,2,730,532,198
144564,1,7183,3530,3653
144564,2,7183,3530,3653
144573,1,85,6,79
144573,2,85,6,79
144740,1,27943,13227,14716
144740,2,18349,8746,9603
144740,4,9594,4481,5113
144795,1,316,39,277
144795,2,316,39,277
144865,1,46624,21773,24851
144865,2,46624,21773,24851
144883,1,742,379,363
144883,2,742,379,363
144892,1,9884,4020,5864
144892,2,8019,3261,4758
144892,4,1865,759,1106
144944,1,16114,7393,8721
144944,2,16114,7393,8721
144962,1,3650,1441,2209
144962,2,3108,1254,1854
144962,4,542,187,355
144971,1,707,323,384
144971,2,707,323,384
145099,1,368,16,352
145099,2,368,16,352
145239,1,487,81,406
145239,2,487,81,406
145275,1,415,191,224
145275,4,415,191,224
145309,1,52,23,29
145309,2,52,23,29
145336,1,7155,2450,4705
145336,2,4253,1469,2784
145336,4,2902,981,1921
145354,1,57,4,53
145354,2,57,4,53
145372,1,1672,772,900
145372,2,1237,632,605
145372,4,435,140,295
145406,1,372,6,366
145406,2,372,6,366
145424,1,97,5,92
145424,2,97,5,92
145433,1,112,3,109
145433,2,112,3,109
145460,1,318,66,252
145460,2,177,46,131
145460,4,141,20,121
145497,1,633,96,537
145497,2,630,93,537
145497,4,3,3,0
145521,1,4429,1750,2679
145521,2,4429,1750,2679
145558,1,2234,1026,1208
145558,4,2234,1026,1208
145600,1,31848,15026,16822
145600,2,19184,9610,9574
145600,4,12664,5416,7248
145619,1,8607,2867,5740
145619,2,3950,1677,2273
145619,4,4657,1190,3467
145628,1,651,175,476
145628,4,651,175,476
145637,1,49094,26933,22161
145637,2,34687,19525,15162
145637,4,14407,7408,6999
145646,1,1857,820,1037
145646,2,1857,820,1037
145682,1,14122,6442,7680
145682,2,14122,6442,7680
145691,1,982,472,510
145691,2,978,472,506
145691,4,4,0,4
145707,1,2159,881,1278
145707,2,2159,881,1278
145725,1,9201,6106,3095
145725,2,3858,2732,1126
145725,4,5343,3374,1969
145770,1,985,287,698
145770,2,351,95,256
145770,4,634,192,442
145813,1,22987,10123,12864
145813,2,19898,9036,10862
145813,4,3089,1087,2002
145831,1,5535,2370,3165
145831,2,5535,2370,3165
145886,1,116,18,98
145886,4,116,18,98
146010,1,139,55,84
146010,2,139,55,84
146205,1,21549,9898,11651
146205,2,21549,9898,11651
146241,1,1425,722,703
146241,4,1425,722,703
146278,1,3092,1249,1843
146278,2,3092,1249,1843
146296,1,21901,9821,12080
146296,2,21901,9821,12080
146339,1,1499,587,912
146339,2,1270,501,769
146339,4,229,86,143
146348,1,8373,2892,5481
146348,2,8373,2892,5481
146366,1,8319,3767,4552
146366,2,8319,3767,4552
146393,1,1843,505,1338
146393,2,1843,505,1338
146418,1,5644,2568,3076
146418,2,5644,2568,3076
146427,1,1398,574,824
146427,2,1398,574,824
146454,1,50,2,48
146454,2,50,2,48
146472,1,24952,11523,13429
146472,2,24952,11523,13429
146481,1,1628,706,922
146481,2,1595,694,901
146481,4,33,12,21
146490,1,600,313,287
146490,4,600,313,287
146506,1,22278,15619,6659
146506,2,22278,15619,6659
146533,1,373,59,314
146533,2,373,59,314
146603,1,11003,5153,5850
146603,2,11003,5153,5850
146612,1,8258,3500,4758
146612,2,5482,2544,2938
146612,4,2776,956,1820
146667,1,979,557,422
146667,2,563,302,261
146667,4,416,255,161
146676,1,1395,544,851
146676,2,1395,544,851
146685,1,11649,4897,6752
146685,2,11649,4897,6752
146700,1,1020,726,294
146700,2,1020,726,294
146719,1,18390,6503,11887
146719,2,12324,4365,7959
146719,4,6066,2138,3928
146728,1,215,119,96
146728,4,215,119,96
146755,1,361,34,327
146755,2,354,34,320
146755,4,7,0,7
146807,1,90,9,81
146807,2,90,9,81
146816,1,325,63,262
146816,2,325,63,262
146825,1,603,291,312
146825,2,603,291,312
146977,1,205,114,91
146977,4,205,114,91
147004,1,10431,4802,5629
147004,2,10431,4802,5629
147013,1,3578,1505,2073
147013,2,2695,1224,1471
147013,4,883,281,602
147031,1,120,41,79
147031,4,120,41,79
147129,1,713,88,625
147129,2,708,88,620
147129,4,5,0,5
147165,1,649,143,506
147165,2,649,143,506
147244,1,2357,978,1379
147244,2,2220,926,1294
147244,4,137,52,85
147341,1,1231,588,643
147341,2,1231,588,643
147369,1,4636,2684,1952
147369,2,3654,2044,1610
147369,4,982,640,342
147378,1,26598,13541,13057
147378,2,26598,13541,13057
147396,1,100,91,9
147396,2,100,91,9
147411,1,6942,2873,4069
147411,2,6942,2873,4069
147439,1,110,3,107
147439,2,110,3,107
147536,1,7110,1464,5646
147536,2,1982,414,1568
147536,4,5128,1050,4078
147590,1,923,356,567
147590,2,174,51,123
147590,4,749,305,444
147642,1,76,5,71
147642,2,76,5,71
147660,1,3217,1480,1737
147660,2,2921,1350,1571
147660,4,296,130,166
147679,1,3940,1391,2549
147679,2,2544,931,1613
147679,4,1396,460,936
147697,1,205,146,59
147697,4,205,146,59
147703,1,22903,11304,11599
147703,2,16344,8275,8069
147703,4,6559,3029,3530
147749,1,486,100,386
147749,2,486,100,386
147767,1,25359,13268,12091
147767,2,10611,5149,5462
147767,4,14748,8119,6629
147776,1,12140,5222,6918
147776,2,9669,4289,5380
147776,4,2471,933,1538
147800,1,20091,9624,10467
147800,2,20091,9624,10467
147819,1,78,1,77
147819,2,78,1,77
147828,1,6224,1911,4313
147828,2,3709,1427,2282
147828,4,2515,484,2031
147916,1,19047,11667,7380
147916,2,19047,11667,7380
148007,1,9818,4127,5691
148007,2,9818,4127,5691
148016,1,489,242,247
148016,2,489,242,247
148098,1,64,2,62
148098,2,64,2,62
148131,1,1834,704,1130
148131,2,1163,551,612
148131,4,671,153,518
148140,1,198,139,59
148140,2,198,139,59
148177,1,1865,869,996
148177,2,1865,869,996
148256,1,10595,5089,5506
148256,2,10595,5089,5506
148292,1,5978,2511,3467
148292,2,5978,2511,3467
148335,1,3691,1762,1929
148335,2,3123,1517,1606
148335,4,568,245,323
148380,1,12084,5324,6760
148380,2,12084,5324,6760
148399,1,1044,163,881
148399,2,1044,163,881
148405,1,1967,713,1254
148405,2,1179,479,700
148405,4,788,234,554
148487,1,6020,2108,3912
148487,2,3576,1336,2240
148487,4,2444,772,1672
148496,1,4253,1206,3047
148496,2,2438,823,1615
148496,4,1815,383,1432
148511,1,3053,741,2312
148511,2,159,55,104
148511,4,2894,686,2208
148575,1,823,94,729
148575,2,508,55,453
148575,4,315,39,276
148584,1,5692,1355,4337
148584,2,1834,594,1240
148584,4,3858,761,3097
148593,1,124,19,105
148593,2,124,19,105
148627,1,4580,1442,3138
148627,2,3376,1097,2279
148627,4,1204,345,859
148654,1,6816,3603,3213
148654,2,3445,1721,1724
148654,4,3371,1882,1489
148672,1,3275,1292,1983
148672,2,3275,1292,1983
148821,1,5796,2627,3169
148821,2,5796,2627,3169
148849,1,83,38,45
148849,2,83,38,45
148876,1,2052,438,1614
148876,2,2052,438,1614
148885,1,278,260,18
148885,4,278,260,18
148937,1,4816,2143,2673
148937,2,4816,2143,2673
148955,1,107,5,102
148955,2,107,5,102
148982,1,208,84,124
148982,4,208,84,124
148991,1,2562,1013,1549
148991,2,2562,1013,1549
149028,1,423,42,381
149028,2,322,35,287
149028,4,101,7,94
149204,1,72,2,70
149204,2,72,2,70
149222,1,19411,10492,8919
149222,2,14593,8106,6487
149222,4,4818,2386,2432
149231,1,16467,7402,9065
149231,2,13163,6126,7037
149231,4,3304,1276,2028
149310,1,398,250,148
149310,2,398,250,148
149329,1,88,88,0
149329,2,75,75,0
149329,4,13,13,0
149365,1,9770,3640,6130
149365,2,9770,3640,6130
149499,1,27,0,27
149499,2,27,0,27
149505,1,1522,463,1059
149505,2,1423,451,972
149505,4,99,12,87
149514,1,2921,1816,1105
149514,2,1095,546,549
149514,4,1826,1270,556
149532,1,17832,8124,9708
149532,2,17832,8124,9708
149550,1,282,33,249
149550,2,282,33,249
149639,1,1318,526,792
149639,2,177,103,74
149639,4,1141,423,718
149727,1,18931,8407,10524
149727,2,18931,8407,10524
149763,1,726,140,586
149763,2,656,132,524
149763,4,70,8,62
149772,1,12738,6167,6571
149772,2,10355,5203,5152
149772,4,2383,964,1419
149781,1,3173,1464,1709
149781,2,2545,1193,1352
149781,4,628,271,357
149842,1,25409,11493,13916
149842,2,25409,11493,13916
150048,1,588,246,342
150048,2,588,246,342
150066,1,2644,1115,1529
150066,2,2068,809,1259
150066,4,576,306,270
150075,1,11,1,10
150075,2,11,1,10
150136,1,25500,9602,15898
150136,2,18583,7683,10900
150136,4,6917,1919,4998
150145,1,2009,720,1289
150145,2,1649,566,1083
150145,4,360,154,206
150163,1,5056,2058,2998
150163,2,4058,1655,2403
150163,4,998,403,595
150172,1,1227,685,542
150172,2,955,524,431
150172,4,272,161,111
150215,1,165,66,99
150215,4,165,66,99
150251,1,279,15,264
150251,2,279,15,264
150288,1,430,387,43
150288,4,430,387,43
150303,1,292,6,286
150303,2,292,6,286
150400,1,2285,1047,1238
150400,2,2285,1047,1238
150428,1,71,1,70
150428,2,71,1,70
150437,1,48,1,47
150437,2,48,1,47
150455,1,1108,477,631
150455,2,1004,432,572
150455,4,104,45,59
150534,1,2729,1208,1521
150534,2,2525,1155,1370
150534,4,204,53,151
150604,1,1138,535,603
150604,2,1138,535,603
150668,1,908,353,555
150668,2,835,344,491
150668,4,73,9,64
150677,1,2707,1288,1419
150677,2,2179,979,1200
150677,4,528,309,219
150695,1,96,0,96
150695,2,96,0,96
150710,1,116,63,53
150710,2,116,63,53
150756,1,1142,471,671
150756,2,1142,471,671
150765,1,97,2,95
150765,2,97,2,95
150774,1,607,342,265
150774,2,607,342,265
150853,1,216,5,211
150853,2,216,5,211
150941,1,1498,587,911
150941,2,1184,486,698
150941,4,314,101,213
150987,1,165959,73751,92208
150987,2,165959,73751,92208
151102,1,14783,6625,8158
151102,2,14092,6328,7764
151102,4,691,297,394
151111,1,35441,15516,19925
151111,2,25859,11324,14535
151111,4,9582,4192,5390
151166,1,5219,948,4271
151166,2,5219,948,4271
151263,1,6484,2135,4349
151263,2,4763,1715,3048
151263,4,1721,420,1301
151290,1,9668,3749,5919
151290,2,8685,3279,5406
151290,4,983,470,513
151306,1,12204,4597,7607
151306,2,11110,4335,6775
151306,4,1094,262,832
151324,1,17447,7997,9450
151324,2,14331,6784,7547
151324,4,3116,1213,1903
151333,1,4895,1698,3197
151333,2,4691,1611,3080
151333,4,204,87,117
151342,1,8793,3458,5335
151342,2,8059,3210,4849
151342,4,734,248,486
151351,1,52694,26348,26346
151351,2,40945,19887,21058
151351,4,11749,6461,5288
151360,1,7154,2411,4743
151360,2,6692,2255,4437
151360,4,462,156,306
151379,1,7570,3050,4520
151379,2,6944,2821,4123
151379,4,626,229,397
151388,1,6641,2498,4143
151388,2,6342,2434,3908
151388,4,299,64,235
151458,1,470,121,349
151458,2,470,121,349
151467,1,417,65,352
151467,2,417,65,352
151564,1,53,1,52
151564,2,53,1,52
151607,1,171,8,163
151607,2,171,8,163
151616,1,642,127,515
151616,2,642,127,515
151652,1,358,21,337
151652,2,358,21,337
151661,1,1479,1426,53
151661,2,1479,1426,53
151777,1,1588,738,850
151777,2,1287,622,665
151777,4,301,116,185
151786,1,3808,1367,2441
151786,2,2677,946,1731
151786,4,1131,421,710
151801,1,3301,1103,2198
151801,2,3007,1035,1972
151801,4,294,68,226
151810,1,458,159,299
151810,2,373,130,243
151810,4,85,29,56
151865,1,129,60,69
151865,4,129,60,69
151874,1,3,3,0
151874,2,3,3,0
151944,1,469,73,396
151944,2,469,73,396
151962,1,121,49,72
151962,2,121,49,72
152044,1,116,34,82
152044,2,116,34,82
152080,1,12851,7066,5785
152080,2,8626,4512,4114
152080,4,4225,2554,1671
152099,1,2151,921,1230
152099,2,1567,683,884
152099,4,584,238,346
152150,1,58,2,56
152150,2,58,2,56
152248,1,11498,4771,6727
152248,2,10317,4260,6057
152248,4,1181,511,670
152266,1,7430,2921,4509
152266,2,7274,2865,4409
152266,4,156,56,100
152275,1,265,72,193
152275,2,265,72,193
152309,1,119,34,85
152309,2,119,34,85
152318,1,2444,1887,557
152318,2,2339,1805,534
152318,4,105,82,23
152327,1,34,0,34
152327,2,34,0,34
152336,1,2796,810,1986
152336,2,2091,584,1507
152336,4,705,226,479
152363,1,1294,545,749
152363,2,1225,514,711
152363,4,69,31,38
152381,1,1059,66,993
152381,2,816,54,762
152381,4,243,12,231
152390,1,1724,27,1697
152390,2,1686,23,1663
152390,4,38,4,34
152415,1,583,44,539
152415,2,583,44,539
152451,1,290,223,67
152451,4,290,223,67
152497,1,242,7,235
152497,2,242,7,235
152530,1,2533,1109,1424
152530,2,2482,1089,1393
152530,4,51,20,31
152567,1,3863,2339,1524
152567,2,3483,2021,1462
152567,4,380,318,62
152600,1,5102,2487,2615
152600,2,3426,1618,1808
152600,4,1676,869,807
152628,1,64,0,64
152628,2,64,0,64
152637,1,22888,12611,10277
152637,2,22888,12611,10277
152673,1,873,873,0
152673,2,873,873,0
152798,1,833,90,743
152798,2,532,58,474
152798,4,301,32,269
152992,1,1282,541,741
152992,2,1138,486,652
152992,4,144,55,89
153001,1,3311,965,2346
153001,2,2715,889,1826
153001,4,596,76,520
153074,1,301,6,295
153074,2,301,6,295
153083,1,231,5,226
153083,2,231,5,226
153108,1,1521,694,827
153108,2,1521,694,827
153126,1,1218,361,857
153126,2,967,314,653
153126,4,251,47,204
153144,1,1498,640,858
153144,2,1498,640,858
153162,1,1041,515,526
153162,2,1041,515,526
153171,1,28,4,24
153171,2,28,4,24
153214,1,36861,17572,19289
153214,2,36861,17572,19289
153241,1,86,54,32
153241,2,86,54,32
153250,1,1632,836,796
153250,2,1529,782,747
153250,4,103,54,49
153269,1,6153,2476,3677
153269,2,3609,1562,2047
153269,4,2544,914,1630
153278,1,2446,1375,1071
153278,2,1975,1152,823
153278,4,471,223,248
153296,1,1081,530,551
153296,2,1081,530,551
153302,1,260,114,146
153302,2,260,114,146
153311,1,13174,5787,7387
153311,2,13174,5787,7387
153320,1,344,179,165
153320,2,293,134,159
153320,4,51,45,6
153339,1,30,0,30
153339,2,30,0,30
153366,1,2927,962,1965
153366,2,1829,797,1032
153366,4,1098,165,933
153375,1,2340,1028,1312
153375,2,2239,1000,1239
153375,4,101,28,73
153384,1,1774,806,968
153384,2,1774,806,968
153409,1,357,62,295
153409,2,312,54,258
153409,4,45,8,37
153418,1,748,149,599
153418,2,673,129,544
153418,4,75,20,55
153427,1,281,133,148
153427,2,281,133,148
153445,1,8618,3839,4779
153445,2,8618,3839,4779
153463,1,38,3,35
153463,2,38,3,35
153472,1,7053,3127,3926
153472,2,7053,3127,3926
153524,1,7969,3839,4130
153524,2,7969,3839,4130
153533,1,3238,1509,1729
153533,2,3238,1509,1729
153542,1,16,5,11
153542,2,16,5,11
153588,1,35,30,5
153588,2,35,30,5
153597,1,187,11,176
153597,2,187,11,176
153603,1,38988,21774,17214
153603,2,32246,18287,13959
153603,4,6742,3487,3255
153621,1,531,215,316
153621,2,530,215,315
153621,4,1,0,1
153630,1,9661,4490,5171
153630,2,9661,4490,5171
153658,1,34337,16513,17824
153658,2,25883,12366,13517
153658,4,8454,4147,4307
153737,1,20409,9922,10487
153737,2,20409,9922,10487
153746,1,71,4,67
153746,2,71,4,67
153764,1,153,8,145
153764,2,153,8,145
153773,1,142,7,135
153773,2,142,7,135
153782,1,70,3,67
153782,2,70,3,67
153825,1,1706,883,823
153825,2,1569,820,749
153825,4,137,63,74
153834,1,2380,1074,1306
153834,2,2380,1074,1306
153861,1,2043,1394,649
153861,2,486,224,262
153861,4,1557,1170,387
153922,1,2676,1155,1521
153922,2,2676,1155,1521
153977,1,997,131,866
153977,2,997,131,866
154004,1,3820,1093,2727
154004,2,1380,638,742
154004,4,2440,455,1985
154013,1,2306,675,1631
154013,2,1852,539,1313
154013,4,454,136,318
154022,1,99698,32574,67124
154022,2,87705,29488,58217
154022,4,11993,3086,8907
154059,1,3907,1716,2191
154059,2,3907,1716,2191
154095,1,14444,5649,8795
154095,2,11284,4785,6499
154095,4,3160,864,2296
154101,1,1340,501,839
154101,2,1151,486,665
154101,4,189,15,174
154110,1,6606,2858,3748
154110,2,6606,2858,3748
154129,1,2700,1118,1582
154129,2,2700,1118,1582
154156,1,1792,868,924
154156,4,1792,868,924
154165,1,75,3,72
154165,2,75,3,72
154174,1,2412,1450,962
154174,2,26,10,16
154174,4,2386,1440,946
154208,1,186,0,186
154208,2,186,0,186
154235,1,3666,1497,2169
154235,2,2681,1131,1550
154235,4,985,366,619
154262,1,272,28,244
154262,2,272,28,244
154332,1,125,7,118
154332,2,125,7,118
154341,1,77,11,66
154341,2,77,11,66
154350,1,1850,847,1003
154350,2,1779,820,959
154350,4,71,27,44
154378,1,3717,1538,2179
154378,2,3717,1538,2179
154396,1,2163,895,1268
154396,2,2163,895,1268
154448,1,241,9,232
154448,2,241,9,232
154457,1,47,1,46
154457,2,47,1,46
154466,1,74,3,71
154466,2,74,3,71
154493,1,8347,3023,5324
154493,2,6629,2553,4076
154493,4,1718,470,1248
154518,1,3044,1984,1060
154518,2,2657,1714,943
154518,4,387,270,117
154527,1,1599,767,832
154527,2,1599,767,832
154536,1,120,52,68
154536,4,120,52,68
154545,1,52,15,37
154545,2,52,15,37
154572,1,8129,3461,4668
154572,2,8129,3461,4668
154590,1,2034,1031,1003
154590,2,1931,978,953
154590,4,103,53,50
154642,1,4012,1492,2520
154642,2,4012,1492,2520
154688,1,3593,1480,2113
154688,2,2124,931,1193
154688,4,1469,549,920
154697,1,16321,10283,6038
154697,2,16321,10283,6038
154712,1,2271,1027,1244
154712,2,2203,995,1208
154712,4,68,32,36
154721,1,753,458,295
154721,2,753,458,295
154749,1,598,288,310
154749,2,598,288,310
154767,1,546,76,470
154767,2,546,76,470
154776,1,513,146,367
154776,2,513,146,367
154794,1,151,50,101
154794,2,151,50,101
154800,1,13038,5408,7630
154800,2,13038,5408,7630
154837,1,434,207,227
154837,2,144,56,88
154837,4,290,151,139
154855,1,1604,789,815
154855,2,1604,789,815
154907,1,3437,1241,2196
154907,2,3437,1241,2196
154925,1,2393,1260,1133
154925,2,2393,1260,1133
154934,1,2240,859,1381
154934,2,2240,859,1381
154952,1,4869,1962,2907
154952,2,4869,1962,2907
154998,1,2635,1385,1250
154998,2,2635,1385,1250
155007,1,482,170,312
155007,2,482,170,312
155025,1,7399,2710,4689
155025,2,4276,1716,2560
155025,4,3123,994,2129
155052,1,1331,670,661
155052,2,1331,670,661
155061,1,17280,6830,10450
155061,2,13964,5600,8364
155061,4,3316,1230,2086
155070,1,349,189,160
155070,2,299,153,146
155070,4,50,36,14
155089,1,2955,1219,1736
155089,2,2206,942,1264
155089,4,749,277,472
155098,1,2742,1401,1341
155098,2,2742,1401,1341
155104,1,3418,1696,1722
155104,2,3418,1696,1722
155140,1,915,446,469
155140,2,915,446,469
155159,1,107,1,106
155159,2,107,1,106
155177,1,436,172,264
155177,2,436,172,264
155186,1,5342,2236,3106
155186,2,5342,2236,3106
155195,1,8740,3817,4923
155195,2,8740,3817,4923
155201,1,1459,733,726
155201,2,1459,733,726
155210,1,29400,14252,15148
155210,2,29400,14252,15148
155283,1,994,86,908
155283,2,994,86,908
155292,1,8460,3403,5057
155292,2,8460,3403,5057
155308,1,90,55,35
155308,2,90,55,35
155317,1,30913,14698,16215
155317,2,20943,10468,10475
155317,4,9970,4230,5740
155335,1,5181,1745,3436
155335,2,3846,1424,2422
155335,4,1335,321,1014
155353,1,75,67,8
155353,2,75,67,8
155399,1,26939,13568,13371
155399,2,21725,11270,10455
155399,4,5214,2298,2916
155414,1,894,427,467
155414,2,736,383,353
155414,4,158,44,114
155423,1,2000,1055,945
155423,2,2000,1055,945
155441,1,76,4,72
155441,2,76,4,72
155450,1,3114,1094,2020
155450,2,3114,1094,2020
155487,1,1292,630,662
155487,2,1292,630,662
155496,1,347,193,154
155496,2,347,193,154
155511,1,693,423,270
155511,2,659,408,251
155511,4,34,15,19
155520,1,4046,1147,2899
155520,2,1782,739,1043
155520,4,2264,408,1856
155566,1,2886,1029,1857
155566,2,2886,1029,1857
155593,1,1259,698,561
155593,2,1259,698,561
155618,1,870,588,282
155618,2,870,588,282
155627,1,703,427,276
155627,2,664,407,257
155627,4,39,20,19
155636,1,1056,299,757
155636,2,572,184,388
155636,4,484,115,369
155681,1,8606,4180,4426
155681,2,6784,3557,3227
155681,4,1822,623,1199
155715,1,1640,734,906
155715,2,1640,734,906
155812,1,2042,700,1342
155812,2,998,382,616
155812,4,1044,318,726
155830,1,933,397,536
155830,2,933,397,536
155858,1,2692,1159,1533
155858,2,2692,1159,1533
155900,1,2860,1681,1179
155900,2,2219,1405,814
155900,4,641,276,365
155937,1,720,378,342
155937,2,720,378,342
155973,1,807,405,402
155973,2,743,372,371
155973,4,64,33,31
156082,1,7803,3159,4644
156082,2,6711,2712,3999
156082,4,1092,447,645
156107,1,5473,2562,2911
156107,2,5473,2562,2911
156125,1,16021,7590,8431
156125,2,12788,6048,6740
156125,4,3233,1542,1691
156134,1,1287,699,588
156134,2,1287,699,588
156189,1,617,281,336
156189,2,617,281,336
156213,1,2064,801,1263
156213,2,1779,714,1065
156213,4,285,87,198
156222,1,1893,1195,698
156222,4,1893,1195,698
156231,1,3775,1581,2194
156231,2,3775,1581,2194
156277,1,97,4,93
156277,2,97,4,93
156286,1,4239,1338,2901
156286,2,2810,993,1817
156286,4,1429,345,1084
156295,1,1717,733,984
156295,2,1717,733,984
156310,1,471,29,442
156310,2,471,29,442
156338,1,5352,2167,3185
156338,2,5352,2167,3185
156356,1,1187,276,911
156356,2,1168,266,902
156356,4,19,10,9
156365,1,4721,1966,2755
156365,2,3930,1630,2300
156365,4,791,336,455
156392,1,14174,6153,8021
156392,2,14174,6153,8021
156408,1,1382,693,689
156408,2,1382,693,689
156417,1,176,139,37
156417,2,176,139,37
156426,1,332,19,313
156426,2,332,19,313
156471,1,1905,203,1702
156471,2,1905,203,1702
156541,1,8610,3370,5240
156541,2,3175,1385,1790
156541,4,5435,1985,3450
156620,1,19611,8231,11380
156620,2,16253,7113,9140
156620,4,3358,1118,2240
156648,1,9112,4569,4543
156648,2,9112,4569,4543
156727,1,2346,111,2235
156727,4,2346,111,2235
156745,1,1691,638,1053
156745,2,1037,493,544
156745,4,654,145,509
156754,1,73,3,70
156754,2,73,3,70
156790,1,4395,2327,2068
156790,2,4395,2327,2068
156842,1,283,14,269
156842,2,283,14,269
156851,1,2069,752,1317
156851,2,2069,752,1317
156860,1,4446,1724,2722
156860,2,4446,1724,2722
156921,1,16014,6737,9277
156921,2,16014,6737,9277
156967,1,222,14,208
156967,2,222,14,208
157021,1,1528,293,1235
157021,2,1528,293,1235
157030,1,81,46,35
157030,2,81,46,35
157058,1,2130,879,1251
157058,2,1950,797,1153
157058,4,180,82,98
157076,1,728,394,334
157076,2,728,394,334
157085,1,31622,14599,17023
157085,2,23877,11238,12639
157085,4,7745,3361,4384
157100,1,598,302,296
157100,2,536,274,262
157100,4,62,28,34
157207,1,110,58,52
157207,4,110,58,52
157216,1,3028,1083,1945
157216,2,2348,950,1398
157216,4,680,133,547
157270,1,593,409,184
157270,2,593,409,184
157289,1,25126,12372,12754
157289,2,18219,9066,9153
157289,4,6907,3306,3601
157298,1,192,86,106
157298,4,192,86,106
157304,1,5850,3288,2562
157304,2,5850,3288,2562
157331,1,4530,1802,2728
157331,2,4530,1802,2728
157377,1,1350,222,1128
157377,2,1163,163,1000
157377,4,187,59,128
157386,1,12614,5038,7576
157386,2,10959,4417,6542
157386,4,1655,621,1034
157401,1,12536,5175,7361
157401,2,10225,4237,5988
157401,4,2311,938,1373
157438,1,5922,2830,3092
157438,2,5922,2830,3092
157447,1,16755,7198,9557
157447,2,14417,6386,8031
157447,4,2338,812,1526
157465,1,230,25,205
157465,2,230,25,205
157483,1,8089,3517,4572
157483,2,8089,3517,4572
157535,1,2799,1335,1464
157535,2,2128,979,1149
157535,4,671,356,315
157553,1,6628,3370,3258
157553,2,6628,3370,3258
157599,1,1273,306,967
157599,2,1273,306,967
157614,1,161,8,153
157614,2,161,8,153
157650,1,224,10,214
157650,2,224,10,214
157669,1,159,6,153
157669,2,159,6,153
157678,1,166,6,160
157678,2,166,6,160
157696,1,127,29,98
157696,2,127,29,98
157711,1,7943,3206,4737
157711,2,7943,3206,4737
157739,1,4144,2001,2143
157739,2,4144,2001,2143
157748,1,4693,3831,862
157748,2,1118,677,441
157748,4,3575,3154,421
157757,1,2472,609,1863
157757,2,1329,388,941
157757,4,1143,221,922
157766,1,752,85,667
157766,2,752,85,667
157793,1,5289,2170,3119
157793,2,3933,1399,2534
157793,4,1356,771,585
157809,1,2412,1108,1304
157809,2,2148,953,1195
157809,4,264,155,109
157818,1,1061,445,616
157818,2,1061,445,616
157827,1,139,10,129
157827,2,139,10,129
157863,1,1319,611,708
157863,2,976,494,482
157863,4,343,117,226
157951,1,24381,10072,14309
157951,2,20547,8699,11848
157951,4,3834,1373,2461
158088,1,3123,1944,1179
158088,2,3123,1944,1179
158246,1,444,170,274
158246,2,444,170,274
158325,1,105,8,97
158325,2,105,8,97
158334,1,36,7,29
158334,2,36,7,29
158343,1,59,37,22
158343,2,59,37,22
158352,1,2155,1497,658
158352,2,2155,1497,658
158431,1,10411,3953,6458
158431,2,10411,3953,6458
158440,1,94,7,87
158440,2,94,7,87
158477,1,619,271,348
158477,2,535,236,299
158477,4,84,35,49
158538,1,66,6,60
158538,2,66,6,60
158617,1,1269,531,738
158617,2,1269,531,738
158644,1,111,5,106
158644,2,111,5,106
158662,1,23097,7620,15477
158662,2,23097,7620,15477
158723,1,317,40,277
158723,2,317,40,277
158778,1,50,1,49
158778,2,50,1,49
158787,1,125,8,117
158787,2,125,8,117
158802,1,1271,358,913
158802,2,1271,358,913
158884,1,4051,1543,2508
158884,2,4051,1543,2508
159009,1,5411,2220,3191
159009,2,4202,1857,2345
159009,4,1209,363,846
159027,1,55,3,52
159027,2,55,3,52
159197,1,925,757,168
159197,2,925,757,168
159319,1,35,4,31
159319,2,35,4,31
159328,1,138,3,135
159328,2,138,3,135
159373,1,3157,1040,2117
159373,2,1043,157,886
159373,4,2114,883,1231
159382,1,3768,1300,2468
159382,2,3768,1300,2468
159391,1,34192,16403,17789
159391,2,27720,13364,14356
159391,4,6472,3039,3433
159407,1,3225,972,2253
159407,2,3225,972,2253
159416,1,5773,2259,3514
159416,2,3466,1388,2078
159416,4,2307,871,1436
159513,1,242,13,229
159513,2,242,13,229
159522,1,262,15,247
159522,2,262,15,247
159531,1,66,1,65
159531,2,66,1,65
159568,1,1226,601,625
159568,2,1010,544,466
159568,4,216,57,159
159601,1,19,1,18
159601,2,19,1,18
159647,1,14271,7102,7169
159647,2,12174,6322,5852
159647,4,2097,780,1317
159656,1,4710,1747,2963
159656,2,3076,1260,1816
159656,4,1634,487,1147
159717,1,9250,3695,5555
159717,2,8361,3413,4948
159717,4,889,282,607
159939,1,10341,5028,5313
159939,2,8131,4026,4105
159939,4,2210,1002,1208
159948,1,3759,2786,973
159948,2,1523,987,536
159948,4,2236,1799,437
159966,1,7374,2651,4723
159966,2,6454,2440,4014
159966,4,920,211,709
159993,1,9965,3524,6441
159993,2,8344,3030,5314
159993,4,1621,494,1127
160010,1,5105,2803,2302
160010,2,5105,2803,2302
160029,1,211,169,42
160029,2,18,18,0
160029,4,193,151,42
160038,1,11649,3534,8115
160038,2,10199,3236,6963
160038,4,1450,298,1152
160065,1,1350,205,1145
160065,2,1055,141,914
160065,4,295,64,231
160074,1,2148,305,1843
160074,2,1819,193,1626
160074,4,329,112,217
160117,1,121,5,116
160117,2,121,5,116
160126,1,52,0,52
160126,2,52,0,52
160135,1,102,1,101
160135,2,102,1,101
160199,1,112,3,109
160199,2,112,3,109
160320,1,3891,189,3702
160320,2,3891,189,3702
160409,1,147,147,0
160409,2,147,147,0
160445,1,190,7,183
160445,2,190,7,183
160472,1,49,4,45
160472,2,49,4,45
160481,1,2971,1282,1689
160481,2,2971,1282,1689
160524,1,431,113,318
160524,2,431,113,318
160579,1,4786,2689,2097
160579,2,4786,2689,2097
160597,1,147,50,97
160597,2,147,50,97
160612,1,17857,6748,11109
160612,2,16501,6397,10104
160612,4,1356,351,1005
160621,1,7618,2663,4955
160621,2,6228,2241,3987
160621,4,1390,422,968
160630,1,3320,895,2425
160630,2,2736,755,1981
160630,4,584,140,444
160649,1,4736,1845,2891
160649,2,4736,1845,2891
160658,1,19819,8397,11422
160658,2,17975,7609,10366
160658,4,1844,788,1056
160667,1,4689,2313,2376
160667,2,4689,2313,2376
160755,1,13935,6049,7886
160755,2,8798,3662,5136
160755,4,5137,2387,2750
160904,1,3280,906,2374
160904,2,2474,685,1789
160904,4,806,221,585
160913,1,3939,2767,1172
160913,2,3939,2767,1172
160940,1,1377,285,1092
160940,2,1252,254,998
160940,4,125,31,94
160959,1,424,129,295
160959,2,413,125,288
160959,4,11,4,7
160977,1,1903,950,953
160977,2,1903,950,953
160995,1,600,207,393
160995,2,600,207,393
161004,1,1952,974,978
161004,2,1952,974,978
161022,1,216,26,190
161022,2,216,26,190
161077,1,3978,1736,2242
161077,2,3978,1736,2242
161086,1,2055,976,1079
161086,2,2055,976,1079
161138,1,4051,2104,1947
161138,2,4051,2104,1947
161192,1,3284,1179,2105
161192,2,3284,1179,2105
161208,1,74,66,8
161208,2,74,66,8
161217,1,6193,1701,4492
161217,2,6193,1701,4492
161226,1,2424,775,1649
161226,2,2027,706,1321
161226,4,397,69,328
161235,1,2032,613,1419
161235,2,2032,613,1419
161244,1,1007,349,658
161244,2,1007,349,658
161253,1,12488,6130,6358
161253,2,10277,5281,4996
161253,4,2211,849,1362
161299,1,1037,885,152
161299,2,997,858,139
161299,4,40,27,13
161341,1,1657,571,1086
161341,2,1657,571,1086
161457,1,12245,3490,8755
161457,2,7413,2199,5214
161457,4,4832,1291,3541
161484,1,1285,598,687
161484,2,1285,598,687
161493,1,354,12,342
161493,2,354,12,342
161509,1,495,139,356
161509,2,450,127,323
161509,4,45,12,33
161518,1,4465,1426,3039
161518,2,2740,950,1790
161518,4,1725,476,1249
161527,1,300,27,273
161527,2,300,27,273
161545,1,8648,4289,4359
161545,2,8648,4289,4359
161554,1,9835,3952,5883
161554,2,7554,3286,4268
161554,4,2281,666,1615
161563,1,1918,866,1052
161563,2,1730,795,935
161563,4,188,71,117
161572,1,766,369,397
161572,2,766,369,397
161581,1,597,253,344
161581,2,597,253,344
161615,1,42,2,40
161615,2,42,2,40
161651,1,70,2,68
161651,2,70,2,68
161688,1,3706,1284,2422
161688,2,3706,1284,2422
161767,1,20795,8310,12485
161767,2,20795,8310,12485
161776,1,511,106,405
161776,2,511,106,405
161800,1,426,125,301
161800,2,426,125,301
161855,1,60,5,55
161855,2,60,5,55
161864,1,7279,2334,4945
161864,2,7279,2334,4945
161873,1,7205,2936,4269
161873,2,3878,1630,2248
161873,4,3327,1306,2021
162007,1,6186,2318,3868
162007,2,4873,1887,2986
162007,4,1313,431,882
162061,1,1095,885,210
162061,2,528,436,92
162061,4,567,449,118
162104,1,3110,1198,1912
162104,2,3110,1198,1912
162122,1,11307,4493,6814
162122,2,11307,4493,6814
162168,1,2889,994,1895
162168,2,2889,994,1895
162210,1,1706,723,983
162210,2,1485,657,828
162210,4,221,66,155
162283,1,3715,956,2759
162283,2,3166,808,2358
162283,4,549,148,401
162335,1,76,1,75
162335,2,76,1,75
162371,1,530,520,10
162371,2,530,520,10
162557,1,8775,3825,4950
162557,2,8775,3825,4950
162584,1,6586,3114,3472
162584,2,5534,2670,2864
162584,4,1052,444,608
162609,1,901,431,470
162609,2,901,431,470
162654,1,3169,931,2238
162654,2,1791,587,1204
162654,4,1378,344,1034
162681,1,1099,223,876
162681,2,989,205,784
162681,4,110,18,92
162690,1,6022,2342,3680
162690,2,6022,2342,3680
162706,1,8899,3672,5227
162706,2,8899,3672,5227
162760,1,2518,901,1617
162760,2,1324,494,830
162760,4,1194,407,787
162779,1,14102,6063,8039
162779,2,14102,6063,8039
162830,1,91,3,88
162830,2,91,3,88
162928,1,28420,13378,15042
162928,2,8152,3689,4463
162928,4,20268,9689,10579
162982,1,184,78,106
162982,2,184,78,106
163028,1,1032,926,106
163028,2,1032,926,106
163046,1,6543,2476,4067
163046,2,4128,1753,2375
163046,4,2415,723,1692
163107,1,26,0,26
163107,2,26,0,26
163204,1,76195,40743,35452
163204,2,57597,31941,25656
163204,4,18598,8802,9796
163259,1,7954,1926,6028
163259,2,1101,163,938
163259,4,6853,1763,5090
163268,1,16091,8622,7469
163268,2,12942,7019,5923
163268,4,3149,1603,1546
163286,1,42801,22739,20062
163286,2,31050,16619,14431
163286,4,11751,6120,5631
163295,1,2540,696,1844
163295,2,2136,565,1571
163295,4,404,131,273
163338,1,4861,2187,2674
163338,2,4073,1878,2195
163338,4,788,309,479
163347,1,861,63,798
163347,2,861,63,798
163408,1,242,56,186
163408,2,242,56,186
163426,1,34403,16023,18380
163426,2,34403,16023,18380
163453,1,8587,3941,4646
163453,2,7041,3319,3722
163453,4,1546,622,924
163462,1,2543,1266,1277
163462,2,1949,915,1034
163462,4,594,351,243
163532,1,583,583,0
163532,2,349,349,0
163532,4,234,234,0
163541,1,754,384,370
163541,2,754,384,370
163578,1,3561,563,2998
163578,2,1391,123,1268
163578,4,2170,440,1730
163657,1,18102,6894,11208
163657,2,18102,6894,11208
163736,1,1047,279,768
163736,2,1047,279,768
163754,1,144,8,136
163754,2,144,8,136
163815,1,162,3,159
163815,2,162,3,159
163851,1,9642,3954,5688
163851,2,8658,3717,4941
163851,4,984,237,747
163912,1,1824,778,1046
163912,2,1797,770,1027
163912,4,27,8,19
163976,1,512,290,222
163976,2,414,233,181
163976,4,98,57,41
164058,1,731,370,361
164058,2,731,370,361
164076,1,25390,9857,15533
164076,2,21337,8705,12632
164076,4,4053,1152,2901
164085,1,1611,171,1440
164085,4,1611,171,1440
164155,1,4535,3497,1038
164155,2,4535,3497,1038
164173,1,4912,1562,3350
164173,2,4147,1363,2784
164173,4,765,199,566
164216,1,1487,659,828
164216,2,1482,658,824
164216,4,5,1,4
164270,1,3872,1263,2609
164270,2,1813,838,975
164270,4,2059,425,1634
164313,1,4277,1524,2753
164313,2,4277,1524,2753
164368,1,2799,1606,1193
164368,2,345,218,127
164368,4,2454,1388,1066
164438,1,1897,510,1387
164438,2,1102,259,843
164438,4,795,251,544
164447,1,4633,1311,3322
164447,2,1539,612,927
164447,4,3094,699,2395
164465,1,1921,953,968
164465,2,1921,953,968
164474,1,276,95,181
164474,4,276,95,181
164492,1,1747,775,972
164492,2,1291,520,771
164492,4,456,255,201
164535,1,50,8,42
164535,2,50,8,42
164562,1,2984,1119,1865
164562,2,2341,910,1431
164562,4,643,209,434
164580,1,3508,1979,1529
164580,2,2211,1154,1057
164580,4,1297,825,472
164599,1,83,11,72
164599,2,83,11,72
164614,1,87,51,36
164614,2,87,51,36
164632,1,3825,266,3559
164632,2,2093,2,2091
164632,4,1732,264,1468
164641,1,1394,464,930
164641,2,1394,464,930
164678,1,131,128,3
164678,2,131,128,3
164720,1,2544,949,1595
164720,2,2534,947,1587
164720,4,10,2,8
164739,1,5854,3299,2555
164739,2,4369,2594,1775
164739,4,1485,705,780
164748,1,7035,4530,2505
164748,2,6607,4300,2307
164748,4,428,230,198
164775,1,2639,1024,1615
164775,2,2639,1024,1615
164845,1,349,20,329
164845,2,349,20,329
164872,1,966,488,478
164872,2,529,288,241
164872,4,437,200,237
164915,1,161,53,108
164915,4,161,53,108
164924,1,15594,7129,8465
164924,2,10297,4855,5442
164924,4,5297,2274,3023
164988,1,40176,16734,23442
164988,2,22685,9051,13634
164988,4,17491,7683,9808
165015,1,6408,2922,3486
165015,2,3852,1669,2183
165015,4,2556,1253,1303
165024,1,12987,5110,7877
165024,2,10873,4495,6378
165024,4,2114,615,1499
165033,1,11324,4335,6989
165033,2,11324,4335,6989
165060,1,284,23,261
165060,2,284,23,261
165112,1,17152,7340,9812
165112,2,17152,7340,9812
165167,1,3775,1152,2623
165167,2,1524,565,959
165167,4,2251,587,1664
165194,1,5201,2032,3169
165194,2,5201,2032,3169
165255,1,220,1,219
165255,2,220,1,219
165264,1,1140,106,1034
165264,2,1140,106,1034
165334,1,3728,1532,2196
165334,2,2508,1010,1498
165334,4,1220,522,698
165495,1,24,13,11
165495,4,24,13,11
165529,1,3470,1328,2142
165529,2,3186,1192,1994
165529,4,284,136,148
165556,1,586,151,435
165556,2,586,151,435
165574,1,1665,833,832
165574,2,1665,833,832
165608,1,91,9,82
165608,2,91,9,82
165635,1,300,288,12
165635,2,300,288,12
165644,1,1115,383,732
165644,2,917,337,580
165644,4,198,46,152
165662,1,4873,1831,3042
165662,2,4144,1663,2481
165662,4,729,168,561
165671,1,2479,639,1840
165671,2,2194,579,1615
165671,4,285,60,225
165699,1,7088,2289,4799
165699,2,3511,1397,2114
165699,4,3577,892,2685
165705,1,57,22,35
165705,4,57,22,35
165750,1,130,60,70
165750,2,130,60,70
165802,1,3107,735,2372
165802,2,3067,722,2345
165802,4,40,13,27
165820,1,11388,3451,7937
165820,2,4844,2221,2623
165820,4,6544,1230,5314
165866,1,10422,3049,7373
165866,2,5350,2025,3325
165866,4,5072,1024,4048
165884,1,930,731,199
165884,2,930,731,199
165936,1,2445,815,1630
165936,2,1798,679,1119
165936,4,647,136,511
165945,1,2676,1831,845
165945,4,2676,1831,845
165981,1,2811,1141,1670
165981,2,2811,1141,1670
166009,1,82,23,59
166009,2,82,23,59
166018,1,1461,568,893
166018,2,1461,568,893
166027,1,38053,19269,18784
166027,2,14128,7042,7086
166027,4,23925,12227,11698
166045,1,248,75,173
166045,2,54,21,33
166045,4,194,54,140
166054,1,202,149,53
166054,2,99,59,40
166054,4,103,90,13
166124,1,2759,1389,1370
166124,2,2759,1389,1370
166133,1,8243,3181,5062
166133,2,8243,3181,5062
166391,1,2399,813,1586
166391,2,1878,660,1218
166391,4,521,153,368
166407,1,341,26,315
166407,2,341,26,315
166452,1,7536,1294,6242
166452,2,2612,593,2019
166452,4,4924,701,4223
166489,1,228,92,136
166489,2,53,26,27
166489,4,175,66,109
166498,1,176,6,170
166498,2,176,6,170
166513,1,21519,12850,8669
166513,2,16166,9908,6258
166513,4,5353,2942,2411
166586,1,44,4,40
166586,2,44,4,40
166595,1,75,3,72
166595,2,75,3,72
166629,1,33767,16884,16883
166629,2,25988,13122,12866
166629,4,7779,3762,4017
166638,1,21391,8994,12397
166638,2,16082,7334,8748
166638,4,5309,1660,3649
166647,1,7952,3509,4443
166647,2,7952,3509,4443
166656,1,7732,2453,5279
166656,2,4116,1224,2892
166656,4,3616,1229,2387
166674,1,2422,712,1710
166674,2,2243,660,1583
166674,4,179,52,127
166683,1,12084,7501,4583
166683,2,4680,2537,2143
166683,4,7404,4964,2440
166692,1,1845,1582,263
166692,2,1742,1500,242
166692,4,103,82,21
166708,1,1132,467,665
166708,4,1132,467,665
166717,1,757,182,575
166717,4,757,182,575
166805,1,122,101,21
166805,2,122,101,21
166823,1,11079,4703,6376
166823,2,11079,4703,6376
166850,1,4250,1933,2317
166850,2,3522,1678,1844
166850,4,728,255,473
166869,1,2310,413,1897
166869,2,999,186,813
166869,4,1311,227,1084
166887,1,12254,5126,7128
166887,2,12254,5126,7128
166911,1,375,108,267
166911,2,375,108,267
166939,1,2497,25,2472
166939,2,2346,9,2337
166939,4,151,16,135
166948,1,1419,469,950
166948,2,1386,457,929
166948,4,33,12,21
166957,1,5553,1962,3591
166957,2,5553,1962,3591
166975,1,187,57,130
166975,2,187,57,130
166984,1,542,146,396
166984,2,384,106,278
166984,4,158,40,118
167039,1,26,0,26
167039,2,26,0,26
167057,1,804,437,367
167057,2,412,232,180
167057,4,392,205,187
167093,1,533,161,372
167093,4,533,161,372
167215,1,880,406,474
167215,4,880,406,474
167224,1,73,28,45
167224,2,73,28,45
167251,1,944,408,536
167251,2,944,408,536
167260,1,1738,998,740
167260,2,1379,821,558
167260,4,359,177,182
167288,1,2236,804,1432
167288,2,1753,652,1101
167288,4,483,152,331
167297,1,164,126,38
167297,2,164,126,38
167312,1,9831,3746,6085
167312,2,9831,3746,6085
167321,1,315,203,112
167321,2,315,203,112
167358,1,26608,13466,13142
167358,2,18648,9239,9409
167358,4,7960,4227,3733
167376,1,8345,3214,5131
167376,2,8345,3214,5131
167394,1,2025,511,1514
167394,2,1478,406,1072
167394,4,547,105,442
167455,1,576,242,334
167455,2,533,230,303
167455,4,43,12,31
167464,1,61,61,0
167464,4,61,61,0
167525,1,7515,2425,5090
167525,2,7515,2425,5090
167534,1,11021,4627,6394
167534,2,11021,4627,6394
167598,1,2597,452,2145
167598,2,1674,326,1348
167598,4,923,126,797
167631,1,3142,970,2172
167631,2,3142,970,2172
167677,1,237,168,69
167677,2,55,55,0
167677,4,182,113,69
167729,1,11497,4228,7269
167729,2,9084,3608,5476
167729,4,2413,620,1793
167738,1,485,94,391
167738,2,485,94,391
167783,1,7332,659,6673
167783,2,1850,14,1836
167783,4,5482,645,4837
167792,1,381,145,236
167792,2,381,145,236
167835,1,3258,101,3157
167835,2,2603,3,2600
167835,4,655,98,557
167871,1,155,22,133
167871,2,155,22,133
167899,1,3438,1460,1978
167899,2,2214,1102,1112
167899,4,1224,358,866
167905,1,8550,3600,4950
167905,2,8550,3600,4950
167987,1,10320,5203,5117
167987,2,8292,4247,4045
167987,4,2028,956,1072
167996,1,2532,1019,1513
167996,2,2532,1019,1513
168005,1,8979,4015,4964
168005,2,6154,2842,3312
168005,4,2825,1173,1652
168032,1,53,3,50
168032,2,53,3,50
168148,1,12451,5529,6922
168148,2,5697,2803,2894
168148,4,6754,2726,4028
168218,1,2644,129,2515
168218,2,2644,129,2515
168227,1,4731,3783,948
168227,2,4459,3587,872
168227,4,272,196,76
168254,1,4362,2436,1926
168254,2,2857,1765,1092
168254,4,1505,671,834
168263,1,10430,3865,6565
168263,2,6536,3039,3497
168263,4,3894,826,3068
168281,1,1635,593,1042
168281,2,1635,593,1042
168290,1,1403,193,1210
168290,2,928,151,777
168290,4,475,42,433
168342,1,2285,1112,1173
168342,2,2233,1087,1146
168342,4,52,25,27
168421,1,6993,4806,2187
168421,2,4362,2905,1457
168421,4,2631,1901,730
168430,1,9774,3332,6442
168430,2,6624,2736,3888
168430,4,3150,596,2554
168528,1,1794,944,850
168528,2,1752,922,830
168528,4,42,22,20
168546,1,1405,709,696
168546,2,1405,709,696
168555,1,50,0,50
168555,2,50,0,50
168573,1,673,645,28
168573,2,673,645,28
168591,1,1427,610,817
168591,2,1427,610,817
168607,1,1833,850,983
168607,2,1833,850,983
168740,1,4582,2497,2085
168740,2,2233,965,1268
168740,4,2349,1532,817
168786,1,2081,796,1285
168786,2,1905,755,1150
168786,4,176,41,135
168847,1,32756,10694,22062
168847,2,32007,10445,21562
168847,4,749,249,500
168883,1,2322,897,1425
168883,2,2322,897,1425
168892,1,148,4,144
168892,2,148,4,144
169071,1,34,0,34
169071,2,34,0,34
169080,1,4431,1916,2515
169080,2,4200,1853,2347
169080,4,231,63,168
169099,1,336,259,77
169099,4,336,259,77
169187,1,255,42,213
169187,2,255,42,213
169220,1,140,32,108
169220,4,140,32,108
169248,1,29926,12836,17090
169248,2,21479,9371,12108
169248,4,8447,3465,4982
169275,1,11571,4799,6772
169275,2,11571,4799,6772
169284,1,421,20,401
169284,2,421,20,401
169327,1,668,315,353
169327,2,542,253,289
169327,4,126,62,64
169363,1,1108,491,617
169363,2,790,394,396
169363,4,318,97,221
169424,1,153,47,106
169424,4,153,47,106
169442,1,1536,771,765
169442,2,1467,730,737
169442,4,69,41,28
169479,1,10374,4142,6232
169479,2,7883,3140,4743
169479,4,2491,1002,1489
169503,1,330,11,319
169503,2,330,11,319
169521,1,12934,5820,7114
169521,2,12934,5820,7114
169576,1,108,4,104
169576,2,108,4,104
169628,1,901,459,442
169628,4,901,459,442
169655,1,1017,944,73
169655,2,1017,944,73
169716,1,5516,2258,3258
169716,2,3004,1061,1943
169716,4,2512,1197,1315
169734,1,733,67,666
169734,2,733,67,666
169761,1,293,29,264
169761,2,293,29,264
169798,1,25400,10138,15262
169798,2,20388,8362,12026
169798,4,5012,1776,3236
169813,1,21,1,20
169813,2,21,1,20
169910,1,17314,8062,9252
169910,2,15785,7407,8378
169910,4,1529,655,874
169947,1,81,74,7
169947,2,81,74,7
169974,1,1497,582,915
169974,2,1497,582,915
169983,1,2714,2168,546
169983,2,2092,1699,393
169983,4,622,469,153
169992,1,1310,568,742
169992,2,1310,568,742
170000,1,1241,574,667
170000,2,1230,567,663
170000,4,11,7,4
170037,1,3260,1334,1926
170037,2,2423,944,1479
170037,4,837,390,447
170055,1,21520,10321,11199
170055,2,21520,10321,11199
170082,1,28682,11549,17133
170082,2,23943,9999,13944
170082,4,4739,1550,3189
170091,1,181,97,84
170091,2,181,97,84
170240,1,19042,8627,10415
170240,2,19042,8627,10415
170286,1,1568,780,788
170286,2,1529,750,779
170286,4,39,30,9
170301,1,3601,1433,2168
170301,2,3601,1433,2168
170444,1,7546,3244,4302
170444,2,7546,3244,4302
170532,1,1467,640,827
170532,2,1467,640,827
170541,1,12807,6130,6677
170541,2,12807,6130,6677
170550,1,6278,2325,3953
170550,2,6278,2325,3953
170587,1,2110,836,1274
170587,2,2110,836,1274
170611,1,198,3,195
170611,2,198,3,195
170620,1,5377,2113,3264
170620,2,5377,2113,3264
170639,1,2565,1250,1315
170639,2,2559,1249,1310
170639,4,6,1,5
170657,1,21387,9796,11591
170657,2,21387,9796,11591
170675,1,4872,3712,1160
170675,2,3066,2381,685
170675,4,1806,1331,475
170736,1,71,2,69
170736,2,71,2,69
170790,1,31464,14903,16561
170790,2,31464,14903,16561
170806,1,4661,1356,3305
170806,2,3280,1067,2213
170806,4,1381,289,1092
170842,1,2173,595,1578
170842,2,804,256,548
170842,4,1369,339,1030
170967,1,1322,501,821
170967,2,1295,479,816
170967,4,27,22,5
170976,1,45170,23501,21669
170976,2,29124,14748,14376
170976,4,16046,8753,7293
171012,1,169,137,32
171012,2,169,137,32
171100,1,55896,26975,28921
171100,2,42452,21053,21399
171100,4,13444,5922,7522
171128,1,7774,5633,2141
171128,2,6035,4406,1629
171128,4,1739,1227,512
171137,1,10515,5662,4853
171137,2,8088,4152,3936
171137,4,2427,1510,917
171146,1,9914,3941,5973
171146,2,7948,3141,4807
171146,4,1966,800,1166
171155,1,5796,3146,2650
171155,2,5796,3146,2650
171225,1,4260,1854,2406
171225,2,4260,1854,2406
171234,1,2211,793,1418
171234,2,2211,793,1418
171261,1,97,7,90
171261,2,97,7,90
171304,1,6386,2812,3574
171304,2,6386,2812,3574
171322,1,1086,237,849
171322,2,1086,237,849
171395,1,3583,1369,2214
171395,2,3583,1369,2214
171456,1,9809,4477,5332
171456,2,8660,4091,4569
171456,4,1149,386,763
171465,1,65,5,60
171465,2,65,5,60
171483,1,4713,2297,2416
171483,2,4713,2297,2416
171492,1,4669,2577,2092
171492,2,4018,2248,1770
171492,4,651,329,322
171535,1,32936,14149,18787
171535,2,32936,14149,18787
171571,1,23856,10128,13728
171571,2,19641,8354,11287
171571,4,4215,1774,2441
171599,1,1104,660,444
171599,2,1061,633,428
171599,4,43,27,16
171775,1,85,3,82
171775,2,85,3,82
171881,1,271,117,154
171881,2,271,117,154
171988,1,255,14,241
171988,2,255,14,241
171997,1,351,11,340
171997,2,351,11,340
172015,1,435,25,410
172015,2,435,25,410
172033,1,548,341,207
172033,2,336,184,152
172033,4,212,157,55
172051,1,10956,4497,6459
172051,2,9781,4179,5602
172051,4,1175,318,857
172200,1,18847,8372,10475
172200,2,18847,8372,10475
172264,1,3370,1361,2009
172264,2,3105,1288,1817
172264,4,265,73,192
172291,1,4856,1951,2905
172291,2,4856,1951,2905
172307,1,3064,1257,1807
172307,2,3064,1257,1807
172325,1,1036,636,400
172325,2,1036,636,400
172334,1,4901,1381,3520
172334,2,2885,939,1946
172334,4,2016,442,1574
172422,1,524,367,157
172422,2,524,367,157
172440,1,622,299,323
172440,2,622,299,323
172477,1,1889,858,1031
172477,4,1889,858,1031
172495,1,318,10,308
172495,2,318,10,308
172608,1,3550,1776,1774
172608,2,1317,680,637
172608,4,2233,1096,1137
172617,1,20696,10731,9965
172617,2,20696,10731,9965
172635,1,25478,8928,16550
172635,2,25478,8928,16550
172644,1,32519,14498,18021
172644,2,20795,9263,11532
172644,4,11724,5235,6489
172671,1,1546,659,887
172671,2,1546,659,887
172680,1,80,1,79
172680,2,80,1,79
172699,1,26525,12882,13643
172699,2,20265,10288,9977
172699,4,6260,2594,3666
172705,1,305,193,112
172705,4,305,193,112
172802,1,101,1,100
172802,2,101,1,100
172866,1,177,132,45
172866,2,177,132,45
172918,1,3958,2008,1950
172918,2,3958,2008,1950
172927,1,89,26,63
172927,2,89,26,63
172954,1,2781,1099,1682
172954,2,2781,1099,1682
172963,1,12211,4837,7374
172963,2,12211,4837,7374
173045,1,4141,1694,2447
173045,2,2837,1307,1530
173045,4,1304,387,917
173063,1,4138,1773,2365
173063,2,4138,1773,2365
173115,1,2011,516,1495
173115,2,2011,516,1495
173124,1,6396,2667,3729
173124,2,5905,2515,3390
173124,4,491,152,339
173142,1,607,270,337
173142,2,607,270,337
173160,1,4591,1643,2948
173160,2,3141,1189,1952
173160,4,1450,454,996
173179,1,453,295,158
173179,4,453,295,158
173203,1,5499,2329,3170
173203,2,5499,2329,3170
173258,1,2093,1014,1079
173258,2,2093,1014,1079
173300,1,2234,896,1338
173300,2,2202,893,1309
173300,4,32,3,29
173328,1,5787,2090,3697
173328,2,3218,1323,1895
173328,4,2569,767,1802
173416,1,4172,2438,1734
173416,2,4172,2438,1734
173452,1,1346,607,739
173452,2,1225,524,701
173452,4,121,83,38
173461,1,8118,3807,4311
173461,2,8118,3807,4311
173470,1,23,0,23
173470,2,23,0,23
173489,1,197,24,173
173489,2,197,24,173
173559,1,8422,3354,5068
173559,2,8422,3354,5068
173629,1,900,307,593
173629,2,888,301,587
173629,4,12,6,6
173638,1,4707,2090,2617
173638,2,4707,2090,2617
173647,1,2386,1111,1275
173647,2,2386,1111,1275
173665,1,6392,2158,4234
173665,2,2413,1032,1381
173665,4,3979,1126,2853
173683,1,201,78,123
173683,4,201,78,123
173708,1,7813,4694,3119
173708,2,7813,4694,3119
173726,1,28,0,28
173726,2,28,0,28
173735,1,1733,779,954
173735,2,1733,779,954
173744,1,750,44,706
173744,2,750,44,706
173799,1,8093,3327,4766
173799,2,8093,3327,4766
173805,1,1630,810,820
173805,2,1630,810,820
173887,1,994,445,549
173887,2,994,445,549
173896,1,697,335,362
173896,4,697,335,362
173902,1,2238,893,1345
173902,2,2238,893,1345
173911,1,4792,2479,2313
173911,2,4792,2479,2313
173920,1,18090,8258,9832
173920,2,15299,7263,8036
173920,4,2791,995,1796
173957,1,266,128,138
173957,4,266,128,138
173966,1,565,173,392
173966,2,281,77,204
173966,4,284,96,188
173984,1,1804,349,1455
173984,2,1373,225,1148
173984,4,431,124,307
173993,1,1882,971,911
173993,2,1882,971,911
174020,1,11494,4948,6546
174020,2,10305,4463,5842
174020,4,1189,485,704
174066,1,63664,29746,33918
174066,2,44505,20861,23644
174066,4,19159,8885,10274
174075,1,3410,1603,1807
174075,2,3410,1603,1807
174118,1,218,65,153
174118,2,218,65,153
174127,1,857,283,574
174127,2,724,241,483
174127,4,133,42,91
174136,1,12255,5364,6891
174136,2,12255,5364,6891
174154,1,411,48,363
174154,2,411,48,363
174190,1,193,2,191
174190,2,193,2,191
174233,1,11497,5961,5536
174233,2,10374,5476,4898
174233,4,1123,485,638
174251,1,2020,921,1099
174251,2,2020,921,1099
174279,1,827,282,545
174279,2,817,277,540
174279,4,10,5,5
174321,1,133,4,129
174321,2,133,4,129
174358,1,6972,2634,4338
174358,2,6088,2414,3674
174358,4,884,220,664
174376,1,10424,4380,6044
174376,2,10424,4380,6044
174385,1,332,127,205
174385,2,332,127,205
174394,1,101,60,41
174394,2,101,60,41
174428,1,14632,6474,8158
174428,2,14632,6474,8158
174437,1,1294,567,727
174437,2,1251,541,710
174437,4,43,26,17
174473,1,4936,2036,2900
174473,2,4936,2036,2900
174491,1,4038,1626,2412
174491,2,3722,1453,2269
174491,4,316,173,143
174507,1,1093,507,586
174507,2,286,91,195
174507,4,807,416,391
174525,1,122,53,69
174525,2,122,53,69
174570,1,2547,1043,1504
174570,2,2547,1043,1504
174604,1,441,186,255
174604,2,441,186,255
174738,1,7515,2930,4585
174738,2,7515,2930,4585
174747,1,1989,0,1989
174747,2,1989,0,1989
174756,1,6336,3000,3336
174756,2,6336,3000,3336
174783,1,18857,8700,10157
174783,2,16344,7614,8730
174783,4,2513,1086,1427
174792,1,1941,1858,83
174792,2,1781,1781,0
174792,4,160,77,83
174817,1,8010,2712,5298
174817,2,1919,892,1027
174817,4,6091,1820,4271
174844,1,3122,1335,1787
174844,2,3122,1335,1787
174862,1,1259,619,640
174862,2,1051,488,563
174862,4,208,131,77
174899,1,5287,1467,3820
174899,2,3233,902,2331
174899,4,2054,565,1489
174914,1,11451,5716,5735
174914,2,6494,3532,2962
174914,4,4957,2184,2773
174978,1,208,6,202
174978,2,208,6,202
175005,1,6033,388,5645
175005,2,3810,146,3664
175005,4,2223,242,1981
175014,1,6511,1581,4930
175014,2,6511,1581,4930
175041,1,9452,4334,5118
175041,2,9452,4334,5118
175078,1,8780,3576,5204
175078,2,8200,3369,4831
175078,4,580,207,373
175120,1,634,407,227
175120,2,634,407,227
175139,1,131,53,78
175139,4,131,53,78
175157,1,802,478,324
175157,2,802,478,324
175227,1,1402,1202,200
175227,2,1402,1202,200
175236,1,4979,2275,2704
175236,2,4979,2275,2704
175263,1,2779,1082,1697
175263,2,2779,1082,1697
175272,1,9483,3599,5884
175272,2,8818,3419,5399
175272,4,665,180,485
175281,1,1050,498,552
175281,4,1050,498,552
175315,1,12395,5460,6935
175315,2,12395,5460,6935
175342,1,4059,1422,2637
175342,2,3304,1180,2124
175342,4,755,242,513
175421,1,6074,1844,4230
175421,2,3514,1206,2308
175421,4,2560,638,1922
175430,1,569,226,343
175430,2,529,226,303
175430,4,40,0,40
175494,1,122,14,108
175494,2,122,14,108
175519,1,2952,1218,1734
175519,2,2952,1218,1734
175528,1,803,59,744
175528,2,803,59,744
175573,1,4030,1558,2472
175573,2,4030,1558,2472
175607,1,46,2,44
175607,2,46,2,44
175616,1,5492,1895,3597
175616,2,3044,1232,1812
175616,4,2448,663,1785
175643,1,3114,1252,1862
175643,2,3114,1252,1862
175652,1,7050,2975,4075
175652,2,7050,2975,4075
175698,1,51,31,20
175698,2,51,31,20
175722,1,41,0,41
175722,2,41,0,41
175786,1,16013,6449,9564
175786,2,16013,6449,9564
175810,1,8401,2891,5510
175810,2,8401,2891,5510
175829,1,7559,3006,4553
175829,2,7559,3006,4553
175856,1,11462,4020,7442
175856,2,8693,3239,5454
175856,4,2769,781,1988
175883,1,6320,2611,3709
175883,2,6320,2611,3709
175935,1,4616,1423,3193
175935,2,4616,1423,3193
175980,1,887,454,433
175980,2,783,394,389
175980,4,104,60,44
176008,1,3621,1373,2248
176008,2,3621,1373,2248
176017,1,25966,11302,14664
176017,2,20903,9138,11765
176017,4,5063,2164,2899
176035,1,3256,633,2623
176035,2,2981,588,2393
176035,4,275,45,230
176044,1,2754,1095,1659
176044,2,2355,981,1374
176044,4,399,114,285
176053,1,5947,2368,3579
176053,2,3323,1356,1967
176053,4,2624,1012,1612
176062,1,76,2,74
176062,2,76,2,74
176071,1,12539,5041,7498
176071,2,12539,5041,7498
176080,1,23317,11784,11533
176080,2,19030,9591,9439
176080,4,4287,2193,2094
176169,1,4357,1861,2496
176169,2,4357,1861,2496
176178,1,10733,4082,6651
176178,2,10733,4082,6651
176239,1,6011,2387,3624
176239,2,6011,2387,3624
176318,1,1005,414,591
176318,2,1005,414,591
176336,1,57,42,15
176336,2,57,42,15
176354,1,2439,974,1465
176354,2,2439,974,1465
176372,1,17078,6328,10750
176372,2,13747,5053,8694
176372,4,3331,1275,2056
176390,1,244,15,229
176390,2,244,15,229
176406,1,943,345,598
176406,2,934,344,590
176406,4,9,1,8
176451,1,134,98,36
176451,4,134,98,36
176479,1,6303,2063,4240
176479,2,3464,1275,2189
176479,4,2839,788,2051
176600,1,156,79,77
176600,4,156,79,77
176619,1,353,249,104
176619,4,353,249,104
176628,1,2368,842,1526
176628,2,1668,641,1027
176628,4,700,201,499
176664,1,426,243,183
176664,2,370,197,173
176664,4,56,46,10
176716,1,214,9,205
176716,2,214,9,205
176770,1,1097,158,939
176770,2,999,139,860
176770,4,98,19,79
176789,1,356,177,179
176789,2,293,140,153
176789,4,63,37,26
176798,1,328,94,234
176798,2,328,94,234
176910,1,283,152,131
176910,2,283,152,131
176947,1,1133,553,580
176947,2,1133,553,580
176965,1,19511,9313,10198
176965,2,12928,5709,7219
176965,4,6583,3604,2979
176983,1,98,79,19
176983,2,98,79,19
176992,1,19,0,19
176992,2,19,0,19
177038,1,598,357,241
177038,2,88,47,41
177038,4,510,310,200
177056,1,139,40,99
177056,2,139,40,99
177065,1,25108,10995,14113
177065,2,23686,10431,13255
177065,4,1422,564,858
177083,1,98,97,1
177083,2,98,97,1
177092,1,686,655,31
177092,4,686,655,31
177117,1,328,0,328
177117,2,328,0,328
177126,1,643,451,192
177126,4,643,451,192
177135,1,7109,2695,4414
177135,2,7109,2695,4414
177144,1,1194,592,602
177144,2,1153,575,578
177144,4,41,17,24
177214,1,5107,1982,3125
177214,2,4633,1847,2786
177214,4,474,135,339
177250,1,4265,1628,2637
177250,2,4265,1628,2637
177278,1,162,73,89
177278,4,162,73,89
177287,1,253,5,248
177287,2,253,5,248
177302,1,1332,515,817
177302,2,1332,515,817
177339,1,2102,902,1200
177339,2,1818,822,996
177339,4,284,80,204
177418,1,2035,626,1409
177418,2,1268,403,865
177418,4,767,223,544
177436,1,36,1,35
177436,2,36,1,35
177472,1,18658,7817,10841
177472,2,18658,7817,10841
177542,1,1391,513,878
177542,2,1291,483,808
177542,4,100,30,70
177551,1,1805,617,1188
177551,2,1805,617,1188
177579,1,613,158,455
177579,2,613,158,455
177588,1,51,1,50
177588,2,51,1,50
177603,1,75,5,70
177603,2,75,5,70
177676,1,6258,2523,3735
177676,2,6258,2523,3735
177685,1,102,4,98
177685,2,102,4,98
177719,1,1076,133,943
177719,2,939,122,817
177719,4,137,11,126
177746,1,657,219,438
177746,2,657,219,438
177816,1,115,115,0
177816,2,51,51,0
177816,4,64,64,0
177834,1,4123,1708,2415
177834,4,4123,1708,2415
177870,1,13,13,0
177870,2,13,13,0
177931,1,58,2,56
177931,2,58,2,56
177940,1,3583,1612,1971
177940,2,3419,1547,1872
177940,4,164,65,99
177968,1,15234,5824,9410
177968,2,9539,4269,5270
177968,4,5695,1555,4140
177977,1,1481,1189,292
177977,2,1481,1189,292
177986,1,1164,632,532
177986,2,96,40,56
177986,4,1068,592,476
177995,1,25521,10527,14994
177995,2,25521,10527,14994
178004,1,267,28,239
178004,2,267,28,239
178059,1,8074,1715,6359
178059,2,3068,944,2124
178059,4,5006,771,4235
178077,1,140,5,135
178077,2,140,5,135
178110,1,189,27,162
178110,2,189,27,162
178183,1,349,48,301
178183,2,349,48,301
178208,1,2517,2093,424
178208,2,546,395,151
178208,4,1971,1698,273
178217,1,5086,2213,2873
178217,2,5086,2213,2873
178244,1,6140,2131,4009
178244,2,4547,1737,2810
178244,4,1593,394,1199
178262,1,126,9,117
178262,2,126,9,117
178305,1,899,77,822
178305,2,899,77,822
178314,1,29,23,6
178314,2,29,23,6
178341,1,6656,2782,3874
178341,2,6570,2747,3823
178341,4,86,35,51
178369,1,2048,1110,938
178369,2,2029,1107,922
178369,4,19,3,16
178387,1,6383,2621,3762
178387,2,6090,2486,3604
178387,4,293,135,158
178396,1,39040,18405,20635
178396,2,29984,14482,15502
178396,4,9056,3923,5133
178402,1,20146,8992,11154
178402,2,13702,5883,7819
178402,4,6444,3109,3335
178411,1,9659,7384,2275
178411,2,7163,5447,1716
178411,4,2496,1937,559
178420,1,21424,8627,12797
178420,2,17327,7242,10085
178420,4,4097,1385,2712
178448,1,7505,3103,4402
178448,2,7505,3103,4402
178466,1,137,45,92
178466,2,137,45,92
178484,1,169,6,163
178484,2,169,6,163
178518,1,334,231,103
178518,4,334,231,103
178527,1,52,0,52
178527,2,52,0,52
178615,1,6869,2763,4106
178615,2,6190,2608,3582
178615,4,679,155,524
178624,1,7898,3587,4311
178624,2,6311,2809,3502
178624,4,1587,778,809
178679,1,737,390,347
178679,2,737,390,347
178697,1,1577,741,836
178697,2,1577,741,836
178721,1,16660,8483,8177
178721,2,15066,7981,7085
178721,4,1594,502,1092
178767,1,154,14,140
178767,2,154,14,140
178828,1,77,12,65
178828,2,77,12,65
178891,1,2745,2592,153
178891,2,2745,2592,153
178989,1,498,53,445
178989,2,317,29,288
178989,4,181,24,157
179043,1,3328,1338,1990
179043,2,2226,846,1380
179043,4,1102,492,610
179052,1,140,56,84
179052,2,140,56,84
179070,1,228,51,177
179070,2,228,51,177
179159,1,19692,8028,11664
179159,2,14458,5913,8545
179159,4,5234,2115,3119
179195,1,59,4,55
179195,2,59,4,55
179229,1,58,5,53
179229,2,58,5,53
179238,1,48,12,36
179238,2,48,12,36
179256,1,198,103,95
179256,2,198,103,95
179265,1,1401,556,845
179265,2,445,167,278
179265,4,956,389,567
179308,1,30827,12628,18199
179308,2,30827,12628,18199
179317,1,170,93,77
179317,4,170,93,77
179326,1,4512,1580,2932
179326,2,3434,1203,2231
179326,4,1078,377,701
179344,1,2600,987,1613
179344,2,2600,987,1613
179450,1,644,69,575
179450,2,562,58,504
179450,4,82,11,71
179511,1,470,36,434
179511,2,470,36,434
179539,1,6832,2596,4236
179539,2,6832,2596,4236
179548,1,994,32,962
179548,2,768,5,763
179548,4,226,27,199
179557,1,14203,6059,8144
179557,2,12162,5352,6810
179557,4,2041,707,1334
179566,1,26058,10847,15211
179566,2,21677,9166,12511
179566,4,4381,1681,2700
179645,1,5064,1718,3346
179645,2,5064,1718,3346
179715,1,2176,610,1566
179715,2,2176,610,1566
179812,1,1182,682,500
179812,4,1182,682,500
179867,1,16292,7929,8363
179867,2,8440,3918,4522
179867,4,7852,4011,3841
179894,1,19802,8776,11026
179894,2,3853,1682,2171
179894,4,15949,7094,8855
179919,1,987,457,530
179919,2,987,457,530
179946,1,1052,607,445
179946,2,1052,607,445
179955,1,1164,474,690
179955,2,1150,472,678
179955,4,14,2,12
179964,1,3008,998,2010
179964,2,1204,298,906
179964,4,1804,700,1104
179991,1,42,0,42
179991,2,42,0,42
180054,1,648,269,379
180054,2,648,269,379
180063,1,57,0,57
180063,2,57,0,57
180081,1,1086,515,571
180081,2,1086,515,571
180090,1,144,9,135
180090,2,144,9,135
180106,1,1515,641,874
180106,2,1515,641,874
180151,1,545,308,237
180151,2,545,308,237
180160,1,484,194,290
180160,2,484,194,290
180179,1,5589,2038,3551
180179,2,5062,1925,3137
180179,4,527,113,414
180197,1,3485,1518,1967
180197,2,3485,1518,1967
180203,1,372,167,205
180203,2,372,167,205
180212,1,547,217,330
180212,2,547,217,330
180249,1,2521,764,1757
180249,2,2521,764,1757
180258,1,1261,395,866
180258,2,1167,366,801
180258,4,94,29,65
180276,1,1853,790,1063
180276,2,1853,790,1063
180328,1,459,175,284
180328,2,459,175,284
180373,1,776,261,515
180373,2,776,261,515
180391,1,56,6,50
180391,2,56,6,50
180416,1,2609,1810,799
180416,2,2306,1614,692
180416,4,303,196,107
180461,1,17390,9268,8122
180461,2,15081,8229,6852
180461,4,2309,1039,1270
180489,1,15072,6699,8373
180489,2,12291,5602,6689
180489,4,2781,1097,1684
180522,1,1605,811,794
180522,2,1510,774,736
180522,4,95,37,58
180595,1,1093,564,529
180595,2,994,524,470
180595,4,99,40,59
180647,1,1090,401,689
180647,2,1090,401,689
180692,1,1747,651,1096
180692,2,1747,651,1096
180771,1,37,1,36
180771,2,37,1,36
180814,1,12268,6072,6196
180814,2,7814,3921,3893
180814,4,4454,2151,2303
180832,1,1595,197,1398
180832,2,936,116,820
180832,4,659,81,578
180878,1,811,100,711
180878,2,682,63,619
180878,4,129,37,92
180902,1,9247,3562,5685
180902,2,9247,3562,5685
180948,1,3875,1560,2315
180948,2,2874,1163,1711
180948,4,1001,397,604
180957,1,168,61,107
180957,2,168,61,107
180984,1,3414,1258,2156
180984,2,1964,926,1038
180984,4,1450,332,1118
181002,1,10192,4494,5698
181002,2,4586,1948,2638
181002,4,5606,2546,3060
181020,1,1078,569,509
181020,2,1078,569,509
181093,1,620,272,348
181093,2,508,232,276
181093,4,112,40,72
181127,1,1385,650,735
181127,2,1200,624,576
181127,4,185,26,159
181145,1,31,2,29
181145,2,31,2,29
181190,1,355,10,345
181190,2,355,10,345
181215,1,8102,3179,4923
181215,2,5598,2366,3232
181215,4,2504,813,1691
181242,1,774,188,586
181242,2,706,166,540
181242,4,68,22,46
181297,1,1198,130,1068
181297,2,924,107,817
181297,4,274,23,251
181303,1,25131,11290,13841
181303,2,25131,11290,13841
181312,1,5836,3643,2193
181312,2,5836,3643,2193
181330,1,1738,862,876
181330,2,1582,791,791
181330,4,156,71,85
181376,1,146,79,67
181376,2,146,79,67
181394,1,18571,8730,9841
181394,2,14621,7085,7536
181394,4,3950,1645,2305
181400,1,1025,232,793
181400,2,931,216,715
181400,4,94,16,78
181419,1,290,90,200
181419,2,290,90,200
181428,1,4073,1438,2635
181428,2,1015,131,884
181428,4,3058,1307,1751
181446,1,4126,1500,2626
181446,2,3719,1393,2326
181446,4,407,107,300
181464,1,27908,14457,13451
181464,2,21433,11450,9983
181464,4,6475,3007,3468
181491,1,6722,3342,3380
181491,2,6722,3342,3380
181534,1,3479,1370,2109
181534,2,2947,1212,1735
181534,4,532,158,374
181543,1,39,20,19
181543,2,39,20,19
181604,1,1233,30,1203
181604,2,932,11,921
181604,4,301,19,282
181640,1,14723,6825,7898
181640,2,14723,6825,7898
181738,1,990,379,611
181738,2,901,359,542
181738,4,89,20,69
181765,1,563,248,315
181765,2,563,248,315
181783,1,4268,1765,2503
181783,2,3328,1411,1917
181783,4,940,354,586
181792,1,14,3,11
181792,2,14,3,11
181817,1,2609,953,1656
181817,2,2609,953,1656
181853,1,462,260,202
181853,2,443,247,196
181853,4,19,13,6
181880,1,341,23,318
181880,2,341,23,318
181941,1,771,413,358
181941,2,771,413,358
182005,1,48615,21225,27390
182005,2,48615,21225,27390
182111,1,1221,675,546
182111,2,1221,675,546
182148,1,610,150,460
182148,2,610,150,460
182281,1,34264,14789,19475
182281,2,27033,11905,15128
182281,4,7231,2884,4347
182290,1,23476,10844,12632
182290,2,19708,9170,10538
182290,4,3768,1674,2094
182306,1,4542,1698,2844
182306,2,4542,1698,2844
182458,1,1746,635,1111
182458,2,553,330,223
182458,4,1193,305,888
182500,1,15582,7110,8472
182500,2,15582,7110,8472
182564,1,4970,2194,2776
182564,2,4970,2194,2776
182634,1,1231,378,853
182634,2,1231,378,853
182652,1,79,1,78
182652,2,79,1,78
182661,1,798,616,182
182661,2,685,566,119
182661,4,113,50,63
182670,1,6869,3580,3289
182670,2,4695,2376,2319
182670,4,2174,1204,970
182704,1,122,6,116
182704,2,122,6,116
182722,1,164,25,139
182722,2,164,25,139
182795,1,2615,1109,1506
182795,2,1874,824,1050
182795,4,741,285,456
182829,1,277,152,125
182829,4,277,152,125
182892,1,78,3,75
182892,2,78,3,75
182917,1,89,33,56
182917,2,89,33,56
182953,1,217,16,201
182953,2,217,16,201
182980,1,3451,1188,2263
182980,2,2166,664,1502
182980,4,1285,524,761
182999,1,55,1,54
182999,2,55,1,54
183026,1,100304,37378,62926
183026,2,72585,26823,45762
183026,4,27719,10555,17164
183035,1,52,6,46
183035,2,52,6,46
183044,1,16795,7580,9215
183044,2,13852,6439,7413
183044,4,2943,1141,1802
183062,1,4729,2071,2658
183062,2,4529,2013,2516
183062,4,200,58,142
183071,1,1400,629,771
183071,2,1038,494,544
183071,4,362,135,227
183080,1,6565,2932,3633
183080,2,4518,2334,2184
183080,4,2047,598,1449
183099,1,5729,2748,2981
183099,2,5729,2748,2981
183105,1,1434,518,916
183105,2,1434,518,916
183114,1,1733,621,1112
183114,2,1733,621,1112
183123,1,2312,1232,1080
183123,2,2312,1232,1080
183132,1,4736,2175,2561
183132,2,4736,2175,2561
183141,1,3230,1610,1620
183141,2,3230,1610,1620
183150,1,3135,1255,1880
183150,2,3135,1255,1880
183202,1,73,1,72
183202,2,73,1,72
183211,1,3625,1173,2452
183211,2,1865,370,1495
183211,4,1760,803,957
183239,1,1976,781,1195
183239,2,1976,781,1195
183248,1,223,28,195
183248,2,223,28,195
183257,1,3416,1016,2400
183257,2,2883,875,2008
183257,4,533,141,392
183275,1,88,42,46
183275,2,88,42,46
183488,1,742,120,622
183488,2,742,120,622
183600,1,33,1,32
183600,2,33,1,32
183655,1,8860,3626,5234
183655,2,8860,3626,5234
183725,1,835,279,556
183725,2,835,279,556
183743,1,20115,10075,10040
183743,2,20115,10075,10040
183789,1,5773,1553,4220
183789,2,5677,1529,4148
183789,4,96,24,72
183804,1,7906,7906,0
183804,2,3235,3235,0
183804,4,4671,4671,0
183822,1,2187,791,1396
183822,2,2185,789,1396
183822,4,2,2,0
183859,1,20133,9188,10945
183859,2,20133,9188,10945
183877,1,15183,6529,8654
183877,2,15183,6529,8654
183910,1,2412,633,1779
183910,2,1733,505,1228
183910,4,679,128,551
183938,1,17288,7398,9890
183938,2,17288,7398,9890
183974,1,2688,978,1710
183974,2,1751,695,1056
183974,4,937,283,654
183983,1,129,106,23
183983,2,129,106,23
184047,1,101,49,52
184047,2,101,49,52
184056,1,641,190,451
184056,2,641,190,451
184092,1,1104,232,872
184092,2,1104,232,872
184180,1,11308,5523,5785
184180,2,11308,5523,5785
184205,1,4325,1601,2724
184205,2,4325,1601,2724
184278,1,117,109,8
184278,2,117,109,8
184348,1,2374,969,1405
184348,2,1633,639,994
184348,4,741,330,411
184427,1,450,440,10
184427,2,450,440,10
184481,1,14986,6285,8701
184481,2,14986,6285,8701
184506,1,175,18,157
184506,2,175,18,157
184603,1,10451,4571,5880
184603,2,6528,2946,3582
184603,4,3923,1625,2298
184612,1,2381,604,1777
184612,2,1937,516,1421
184612,4,444,88,356
184694,1,3675,1604,2071
184694,2,2678,1230,1448
184694,4,997,374,623
184746,1,263,255,8
184746,2,263,255,8
184773,1,2675,615,2060
184773,2,1725,450,1275
184773,4,950,165,785
184782,1,18442,9126,9316
184782,2,14726,7813,6913
184782,4,3716,1313,2403
184791,1,9611,4097,5514
184791,2,9611,4097,5514
184816,1,171,22,149
184816,2,171,22,149
184870,1,656,84,572
184870,2,656,84,572
184959,1,1251,254,997
184959,2,1251,254,997
184968,1,175,24,151
184968,2,175,24,151
184995,1,12248,5061,7187
184995,2,12248,5061,7187
185129,1,10062,3683,6379
185129,2,7469,2979,4490
185129,4,2593,704,1889
185174,1,99,71,28
185174,2,99,71,28
185262,1,16820,6077,10743
185262,2,13730,5394,8336
185262,4,3090,683,2407
185332,1,652,79,573
185332,2,652,79,573
185396,1,1732,1683,49
185396,2,1732,1683,49
185466,1,383,6,377
185466,2,383,6,377
185509,1,11603,5505,6098
185509,2,11603,5505,6098
185536,1,17846,8300,9546
185536,2,17846,8300,9546
185572,1,7137,2632,4505
185572,2,4992,2114,2878
185572,4,2145,518,1627
185590,1,23589,8629,14960
185590,2,18348,7145,11203
185590,4,5241,1484,3757
185651,1,71,14,57
185651,2,71,14,57
185679,1,446,72,374
185679,2,446,72,374
185721,1,653,268,385
185721,2,653,268,385
185758,1,190,72,118
185758,4,190,72,118
185767,1,447,89,358
185767,2,447,89,358
185828,1,12914,9566,3348
185828,2,8992,6740,2252
185828,4,3922,2826,1096
185873,1,13236,5741,7495
185873,2,13236,5741,7495
185970,1,299,39,260
185970,2,299,39,260
186016,1,515,33,482
186016,2,515,33,482
186034,1,11550,4572,6978
186034,2,11550,4572,6978
186052,1,1187,971,216
186052,2,1187,971,216
186122,1,564,350,214
186122,4,564,350,214
186131,1,8476,4665,3811
186131,2,5666,2945,2721
186131,4,2810,1720,1090
186186,1,264,264,0
186186,2,264,264,0
186201,1,6998,3060,3938
186201,2,6456,2918,3538
186201,4,542,142,400
186274,1,305,74,231
186274,2,305,74,231
186283,1,5744,2314,3430
186283,2,4520,1909,2611
186283,4,1224,405,819
186335,1,62,17,45
186335,2,62,17,45
186371,1,7614,3378,4236
186371,2,5822,2483,3339
186371,4,1792,895,897
186380,1,55215,25585,29630
186380,2,39735,19684,20051
186380,4,15480,5901,9579
186399,1,14239,7022,7217
186399,2,9529,4476,5053
186399,4,4710,2546,2164
186405,1,19,5,14
186405,2,19,5,14
186423,1,60,9,51
186423,2,60,9,51
186432,1,3986,1517,2469
186432,2,2825,1074,1751
186432,4,1161,443,718
186469,1,1616,714,902
186469,2,1616,714,902
186584,1,11015,4717,6298
186584,2,6349,2796,3553
186584,4,4666,1921,2745
186593,1,209,39,170
186593,2,209,39,170
186618,1,1370,148,1222
186618,2,855,57,798
186618,4,515,91,424
186645,1,11936,6075,5861
186645,2,11936,6075,5861
186867,1,7593,5425,2168
186867,2,3076,2174,902
186867,4,4517,3251,1266
186876,1,10089,3966,6123
186876,2,8971,3691,5280
186876,4,1118,275,843
186900,1,85,85,0
186900,2,85,85,0
187000,1,174,171,3
187000,2,174,171,3
187046,1,17511,9661,7850
187046,2,16506,9283,7223
187046,4,1005,378,627
187134,1,8913,3440,5473
187134,2,7217,2985,4232
187134,4,1696,455,1241
187161,1,240,24,216
187161,2,240,24,216
187198,1,15169,5911,9258
187198,2,15169,5911,9258
187444,1,13156,5605,7551
187444,2,11184,5071,6113
187444,4,1972,534,1438
187505,1,1657,140,1517
187505,2,1657,140,1517
187532,1,37967,16571,21396
187532,2,37967,16571,21396
187596,1,2289,925,1364
187596,2,2284,923,1361
187596,4,5,2,3
187602,1,88,13,75
187602,2,88,13,75
187620,1,10867,4607,6260
187620,2,10867,4607,6260
187639,1,5426,1847,3579
187639,2,5426,1847,3579
187648,1,7724,3145,4579
187648,2,5781,2580,3201
187648,4,1943,565,1378
187666,1,3785,1823,1962
187666,2,3785,1823,1962
187745,1,808,355,453
187745,2,743,330,413
187745,4,65,25,40
187897,1,4489,1570,2919
187897,2,2715,1022,1693
187897,4,1774,548,1226
187903,1,4248,1622,2626
187903,2,4248,1622,2626
187912,1,455,365,90
187912,2,455,365,90
187958,1,3160,1199,1961
187958,2,3160,1199,1961
187967,1,2459,1597,862
187967,2,1755,1214,541
187967,4,704,383,321
187976,1,1907,807,1100
187976,2,1907,807,1100
187985,1,31578,14156,17422
187985,2,23419,10493,12926
187985,4,8159,3663,4496
187994,1,3210,1187,2023
187994,2,3210,1187,2023
188003,1,3246,1236,2010
188003,2,3246,1236,2010
188021,1,1778,638,1140
188021,2,1778,638,1140
188030,1,17843,8257,9586
188030,2,14169,6681,7488
188030,4,3674,1576,2098
188049,1,3466,1280,2186
188049,2,3466,1280,2186
188058,1,1486,581,905
188058,2,1484,580,904
188058,4,2,1,1
188100,1,10592,4104,6488
188100,2,10592,4104,6488
188137,1,7530,2985,4545
188137,2,7530,2985,4545
188146,1,980,474,506
188146,2,980,474,506
188182,1,1290,498,792
188182,2,506,274,232
188182,4,784,224,560
188207,1,224,24,200
188207,4,224,24,200
188216,1,574,281,293
188216,2,574,281,293
188225,1,2337,962,1375
188225,2,2337,962,1375
188261,1,1326,808,518
188261,2,1326,808,518
188289,1,108,6,102
188289,2,108,6,102
188304,1,4551,1627,2924
188304,2,3263,1264,1999
188304,4,1288,363,925
188340,1,1953,1699,254
188340,2,1938,1687,251
188340,4,15,12,3
188429,1,8373,2382,5991
188429,2,5391,1677,3714
188429,4,2982,705,2277
188438,1,5061,2112,2949
188438,2,5061,2112,2949
188517,1,746,160,586
188517,2,746,160,586
188526,1,1487,591,896
188526,2,1008,398,610
188526,4,479,193,286
188535,1,428,214,214
188535,4,428,214,214
188580,1,861,397,464
188580,4,861,397,464
188641,1,2623,1203,1420
188641,2,2014,1004,1010
188641,4,609,199,410
188650,1,887,65,822
188650,2,887,65,822
188669,1,107,19,88
188669,2,107,19,88
188678,1,290,93,197
188678,2,290,93,197
188687,1,689,240,449
188687,2,689,240,449
188696,1,311,55,256
188696,2,311,55,256
188854,1,1829,617,1212
188854,2,1829,617,1212
188890,1,1986,1947,39
188890,2,1986,1947,39
188915,1,66,5,61
188915,2,66,5,61
188942,1,181,0,181
188942,2,181,0,181
188988,1,427,101,326
188988,2,427,101,326
189015,1,919,103,816
189015,4,919,103,816
189088,1,2533,1090,1443
189088,2,2135,924,1211
189088,4,398,166,232
189097,1,2669,5,2664
189097,2,2669,5,2664
189219,1,502,489,13
189219,2,502,489,13
189228,1,6828,2446,4382
189228,2,6828,2446,4382
189264,1,32,32,0
189264,2,32,32,0
189273,1,45,45,0
189273,2,45,45,0
189282,1,268,53,215
189282,2,268,53,215
189404,1,174,5,169
189404,2,174,5,169
189413,1,1348,311,1037
189413,2,1149,284,865
189413,4,199,27,172
189422,1,791,297,494
189422,2,791,297,494
189459,1,1714,526,1188
189459,2,1714,526,1188
189468,1,204,8,196
189468,2,204,8,196
189477,1,295,7,288
189477,2,295,7,288
189501,1,1206,612,594
189501,4,1206,612,594
189547,1,9306,4010,5296
189547,2,9306,4010,5296
189556,1,603,123,480
189556,2,603,123,480
189565,1,592,133,459
189565,2,592,133,459
189574,1,869,244,625
189574,2,869,244,625
189583,1,1133,275,858
189583,2,1133,275,858
189592,1,781,173,608
189592,2,781,173,608
189705,1,4694,2123,2571
189705,2,2966,1451,1515
189705,4,1728,672,1056
189714,1,432,9,423
189714,2,432,9,423
189811,1,750,109,641
189811,2,750,109,641
189839,1,6800,2577,4223
189839,2,6800,2577,4223
189848,1,1169,314,855
189848,2,1169,314,855
189857,1,667,667,0
189857,2,539,539,0
189857,4,128,128,0
189954,1,100,42,58
189954,2,100,42,58
189981,1,95,66,29
189981,4,95,66,29
189990,1,691,10,681
189990,2,691,10,681
190008,1,60,19,41
190008,2,60,19,41
190044,1,4733,3188,1545
190044,2,3352,2348,1004
190044,4,1381,840,541
190053,1,2110,899,1211
190053,2,2110,899,1211
190071,1,121,17,104
190071,2,121,17,104
190080,1,106,57,49
190080,4,106,57,49
190099,1,3014,1333,1681
190099,2,3004,1331,1673
190099,4,10,2,8
190114,1,1673,462,1211
190114,2,1065,280,785
190114,4,608,182,426
190150,1,30379,15047,15332
190150,2,8623,4531,4092
190150,4,21756,10516,11240
190169,1,2391,886,1505
190169,2,2391,886,1505
190239,1,212,17,195
190239,2,212,17,195
190248,1,1421,443,978
190248,2,1114,380,734
190248,4,307,63,244
190293,1,164,9,155
190293,2,164,9,155
190309,1,61,4,57
190309,2,61,4,57
190318,1,463,12,451
190318,2,463,12,451
190372,1,1026,689,337
190372,2,942,625,317
190372,4,84,64,20
190415,1,22462,11523,10939
190415,2,14606,7082,7524
190415,4,7856,4441,3415
190424,1,1070,500,570
190424,4,1070,500,570
190442,1,5261,2205,3056
190442,2,5261,2205,3056
190451,1,363,40,323
190451,2,363,40,323
190503,1,4313,2226,2087
190503,2,4313,2226,2087
190512,1,22745,11220,11525
190512,2,18799,9444,9355
190512,4,3946,1776,2170
190521,1,35506,15068,20438
190521,2,35506,15068,20438
190530,1,15494,6613,8881
190530,2,15494,6613,8881
190549,1,21712,8532,13180
190549,2,17563,7201,10362
190549,4,4149,1331,2818
190558,1,16778,7219,9559
190558,2,15614,6915,8699
190558,4,1164,304,860
190567,1,18869,8994,9875
190567,2,15744,7707,8037
190567,4,3125,1287,1838
190576,1,8247,3122,5125
190576,2,2561,787,1774
190576,4,5686,2335,3351
190585,1,9979,3409,6570
190585,2,9979,3409,6570
190594,1,28719,9116,19603
190594,2,20523,7266,13257
190594,4,8196,1850,6346
190600,1,17709,7695,10014
190600,2,15452,6680,8772
190600,4,2257,1015,1242
190619,1,23264,10513,12751
190619,2,23264,10513,12751
190628,1,26103,11184,14919
190628,2,26103,11184,14919
190637,1,17171,5416,11755
190637,2,14558,4708,9850
190637,4,2613,708,1905
190646,1,8862,2491,6371
190646,2,8862,2491,6371
190655,1,21064,11519,9545
190655,2,21064,11519,9545
190664,1,24444,10218,14226
190664,2,20154,8860,11294
190664,4,4290,1358,2932
190673,1,21271,9750,11521
190673,2,21271,9750,11521
190682,1,380,136,244
190682,4,380,136,244
190691,1,10751,3773,6978
190691,2,10664,3759,6905
190691,4,87,14,73
190707,1,24,5,19
190707,2,24,5,19
190716,1,3335,978,2357
190716,2,2048,542,1506
190716,4,1287,436,851
190725,1,3145,813,2332
190725,2,2260,639,1621
190725,4,885,174,711
190752,1,50,50,0
190752,2,50,50,0
190761,1,2266,757,1509
190761,2,1677,553,1124
190761,4,589,204,385
190840,1,12039,5462,6577
190840,2,12039,5462,6577
190956,1,151,20,131
190956,2,151,20,131
190974,1,615,148,467
190974,2,615,148,467
190983,1,1506,455,1051
190983,2,1360,409,951
190983,4,146,46,100
191083,1,22075,10516,11559
191083,2,22075,10516,11559
191126,1,11483,1795,9688
191126,2,11267,1756,9511
191126,4,216,39,177
191199,1,9789,4184,5605
191199,2,9789,4184,5605
191205,1,768,520,248
191205,2,731,494,237
191205,4,37,26,11
191241,1,17624,7142,10482
191241,2,9785,4286,5499
191241,4,7839,2856,4983
191287,1,894,408,486
191287,2,894,408,486
191302,1,3091,1319,1772
191302,2,3091,1319,1772
191311,1,377,107,270
191311,2,377,107,270
191320,1,50,27,23
191320,4,50,27,23
191339,1,8305,3006,5299
191339,2,8305,3006,5299
191409,1,86,1,85
191409,2,86,1,85
191515,1,2036,984,1052
191515,2,2036,984,1052
191533,1,1459,578,881
191533,2,1459,578,881
191597,1,669,86,583
191597,2,669,86,583
191612,1,4785,1946,2839
191612,2,4785,1946,2839
191621,1,1593,638,955
191621,2,1515,614,901
191621,4,78,24,54
191630,1,2385,1209,1176
191630,2,2378,1207,1171
191630,4,7,2,5
191649,1,12007,5140,6867
191649,2,7362,3395,3967
191649,4,4645,1745,2900
191676,1,1116,403,713
191676,2,1095,392,703
191676,4,21,11,10
191719,1,16925,8614,8311
191719,2,16925,8614,8311
191728,1,2020,382,1638
191728,2,2020,382,1638
191834,1,567,505,62
191834,2,567,505,62
191931,1,4521,2163,2358
191931,2,3558,1735,1823
191931,4,963,428,535
191940,1,82,9,73
191940,2,82,9,73
191959,1,139,125,14
191959,2,139,125,14
191968,1,7261,2989,4272
191968,2,6582,2798,3784
191968,4,679,191,488
191986,1,5839,2502,3337
191986,2,5839,2502,3337
192004,1,376,91,285
192004,2,376,91,285
192022,1,5270,2289,2981
192022,2,5270,2289,2981
192040,1,369,159,210
192040,2,158,73,85
192040,4,211,86,125
192110,1,970,536,434
192110,2,600,317,283
192110,4,370,219,151
192156,1,182,15,167
192156,2,182,15,167
192165,1,148,148,0
192165,2,148,148,0
192192,1,2358,581,1777
192192,2,1995,514,1481
192192,4,363,67,296
192271,1,2324,155,2169
192271,2,2099,139,1960
192271,4,225,16,209
192323,1,3997,1553,2444
192323,2,3118,1249,1869
192323,4,879,304,575
192439,1,9349,2846,6503
192439,2,5210,1608,3602
192439,4,4139,1238,2901
192448,1,9704,3581,6123
192448,2,6762,2822,3940
192448,4,2942,759,2183
192484,1,188,3,185
192484,2,188,3,185
192509,1,2278,644,1634
192509,2,2278,644,1634
192554,1,332,69,263
192554,4,332,69,263
192563,1,331,46,285
192563,2,91,15,76
192563,4,240,31,209
192624,1,156,156,0
192624,2,156,156,0
192688,1,1197,169,1028
192688,2,1197,169,1028
192703,1,4229,2300,1929
192703,2,3675,2029,1646
192703,4,554,271,283
192712,1,1089,483,606
192712,2,495,225,270
192712,4,594,258,336
192749,1,3142,1051,2091
192749,2,1856,649,1207
192749,4,1286,402,884
192785,1,981,140,841
192785,2,981,140,841
192800,1,56,5,51
192800,2,56,5,51
192819,1,7305,3145,4160
192819,2,6112,2552,3560
192819,4,1193,593,600
192864,1,2098,491,1607
192864,2,2098,491,1607
192925,1,2683,784,1899
192925,2,1841,581,1260
192925,4,842,203,639
192961,1,123,20,103
192961,2,123,20,103
192970,1,21,10,11
192970,2,21,10,11
193016,1,14763,3909,10854
193016,2,9864,3006,6858
193016,4,4899,903,3996
193052,1,343,343,0
193052,2,264,264,0
193052,4,79,79,0
193061,1,35,35,0
193061,2,32,32,0
193061,4,3,3,0
193070,1,74,74,0
193070,2,50,50,0
193070,4,24,24,0
193122,1,172,22,150
193122,2,172,22,150
193186,1,152,6,146
193186,2,152,6,146
193201,1,1275,195,1080
193201,2,1275,195,1080
193247,1,208,208,0
193247,2,149,149,0
193247,4,59,59,0
193265,1,111,106,5
193265,2,111,106,5
193283,1,9007,4266,4741
193283,2,9007,4266,4741
193292,1,8674,2321,6353
193292,2,6448,1949,4499
193292,4,2226,372,1854
193308,1,10035,3718,6317
193308,2,8654,3123,5531
193308,4,1381,595,786
193326,1,27586,14132,13454
193326,2,27586,14132,13454
193353,1,2858,817,2041
193353,2,2393,708,1685
193353,4,465,109,356
193399,1,2041,599,1442
193399,2,1706,531,1175
193399,4,335,68,267
193405,1,1167,521,646
193405,4,1167,521,646
193478,1,30035,14564,15471
193478,2,30035,14564,15471
193584,1,3256,845,2411
193584,2,2172,642,1530
193584,4,1084,203,881
193609,1,80,41,39
193609,2,80,41,39
193645,1,4422,500,3922
193645,2,3595,375,3220
193645,4,827,125,702
193654,1,12234,3543,8691
193654,2,8586,2235,6351
193654,4,3648,1308,2340
193672,1,80,69,11
193672,2,80,69,11
193751,1,1016,479,537
193751,4,1016,479,537
193760,1,750,238,512
193760,2,750,238,512
193821,1,971,447,524
193821,4,971,447,524
193830,1,1523,640,883
193830,4,1523,640,883
193858,1,637,59,578
193858,2,637,59,578
193894,1,394,197,197
193894,4,394,197,197
193900,1,57321,25286,32035
193900,2,30000,12810,17190
193900,4,27321,12476,14845
193946,1,7343,3039,4304
193946,2,7343,3039,4304
193973,1,4668,1752,2916
193973,2,3485,1371,2114
193973,4,1183,381,802
193991,1,68,2,66
193991,2,68,2,66
194028,1,2176,797,1379
194028,2,2176,797,1379
194073,1,412,222,190
194073,4,412,222,190
194091,1,9111,5334,3777
194091,2,4407,2861,1546
194091,4,4704,2473,2231
194116,1,671,76,595
194116,2,513,49,464
194116,4,158,27,131
194161,1,3162,1307,1855
194161,2,1822,722,1100
194161,4,1340,585,755
194189,1,138,138,0
194189,2,138,138,0
194222,1,18756,8854,9902
194222,2,18756,8854,9902
194240,1,8830,3626,5204
194240,2,8830,3626,5204
194259,1,44,2,42
194259,2,44,2,42
194310,1,15615,6314,9301
194310,2,10231,4274,5957
194310,4,5384,2040,3344
194392,1,913,579,334
194392,2,913,579,334
194435,1,204,8,196
194435,2,204,8,196
194499,1,1248,246,1002
194499,2,1248,246,1002
194569,1,436,223,213
194569,2,436,223,213
194578,1,6025,1651,4374
194578,2,4513,1226,3287
194578,4,1512,425,1087
194657,1,268,268,0
194657,2,164,164,0
194657,4,104,104,0
194666,1,335,335,0
194666,2,286,286,0
194666,4,49,49,0
194693,1,51,51,0
194693,2,51,51,0
194736,1,160,160,0
194736,2,160,160,0
194763,1,471,471,0
194763,2,260,260,0
194763,4,211,211,0
194824,1,7064,4893,2171
194824,2,5914,4092,1822
194824,4,1150,801,349
194879,1,164,21,143
194879,2,164,21,143
194958,1,2009,555,1454
194958,2,1551,469,1082
194958,4,458,86,372
195003,1,18986,12847,6139
195003,2,15289,10437,4852
195003,4,3697,2410,1287
195030,1,11938,5791,6147
195030,2,6821,3337,3484
195030,4,5117,2454,2663
195049,1,209,125,84
195049,4,209,125,84
195058,1,9723,4384,5339
195058,2,9723,4384,5339
195067,1,947,61,886
195067,2,947,61,886
195128,1,3398,653,2745
195128,2,1768,365,1403
195128,4,1630,288,1342
195155,1,108,47,61
195155,4,108,47,61
195164,1,2174,1034,1140
195164,2,1684,855,829
195164,4,490,179,311
195173,1,2844,1208,1636
195173,2,2740,1165,1575
195173,4,104,43,61
195191,1,292,24,268
195191,2,292,24,268
195216,1,2679,1210,1469
195216,2,2532,1162,1370
195216,4,147,48,99
195234,1,4998,1608,3390
195234,2,2768,953,1815
195234,4,2230,655,1575
195243,1,2120,931,1189
195243,2,1932,882,1050
195243,4,188,49,139
195289,1,184,25,159
195289,2,184,25,159
195304,1,1761,439,1322
195304,2,1422,395,1027
195304,4,339,44,295
195322,1,8062,3728,4334
195322,2,8062,3728,4334
195438,1,189,189,0
195438,2,138,138,0
195438,4,51,51,0
195474,1,3339,1626,1713
195474,2,3246,1581,1665
195474,4,93,45,48
195526,1,2816,1105,1711
195526,2,2798,1097,1701
195526,4,18,8,10
195544,1,5901,1877,4024
195544,2,4656,1592,3064
195544,4,1245,285,960
195580,1,90,82,8
195580,4,90,82,8
195702,1,215,22,193
195702,2,215,22,193
195720,1,4208,1578,2630
195720,2,2992,1188,1804
195720,4,1216,390,826
195784,1,739,92,647
195784,2,739,92,647
195809,1,23063,9744,13319
195809,2,17701,7725,9976
195809,4,5362,2019,3343
195845,1,580,62,518
195845,2,580,62,518
195933,1,719,340,379
195933,2,719,340,379
195988,1,2114,940,1174
195988,2,2114,940,1174
196006,1,4193,2495,1698
196006,2,4193,2495,1698
196015,1,4914,2240,2674
196015,2,4914,2240,2674
196024,1,3864,1717,2147
196024,2,3831,1713,2118
196024,4,33,4,29
196033,1,2770,1305,1465
196033,2,2770,1305,1465
196042,1,11888,6443,5445
196042,2,11888,6443,5445
196051,1,3557,1848,1709
196051,2,3557,1848,1709
196060,1,19557,9339,10218
196060,2,14671,7480,7191
196060,4,4886,1859,3027
196079,1,18451,9605,8846
196079,2,14663,7649,7014
196079,4,3788,1956,1832
196088,1,33140,17630,15510
196088,2,22503,12447,10056
196088,4,10637,5183,5454
196097,1,29378,14726,14652
196097,2,19410,10463,8947
196097,4,9968,4263,5705
196103,1,2395,1263,1132
196103,2,1867,1010,857
196103,4,528,253,275
196112,1,3245,1866,1379
196112,2,2371,1456,915
196112,4,874,410,464
196121,1,9413,4040,5373
196121,2,7938,3546,4392
196121,4,1475,494,981
196130,1,11770,4934,6836
196130,2,10293,4487,5806
196130,4,1477,447,1030
196149,1,7761,3376,4385
196149,2,6829,3019,3810
196149,4,932,357,575
196158,1,5164,2229,2935
196158,2,4831,2146,2685
196158,4,333,83,250
196167,1,6018,2417,3601
196167,2,5856,2389,3467
196167,4,162,28,134
196176,1,9144,3445,5699
196176,2,7749,2939,4810
196176,4,1395,506,889
196185,1,6686,2633,4053
196185,2,6311,2548,3763
196185,4,375,85,290
196194,1,9485,4533,4952
196194,2,8225,4024,4201
196194,4,1260,509,751
196200,1,4339,1801,2538
196200,2,3907,1695,2212
196200,4,432,106,326
196219,1,4946,2174,2772
196219,2,4849,2124,2725
196219,4,97,50,47
196228,1,381,105,276
196228,4,381,105,276
196237,1,5467,2325,3142
196237,2,5183,2199,2984
196237,4,284,126,158
196246,1,6492,2758,3734
196246,2,6043,2650,3393
196246,4,449,108,341
196255,1,2027,731,1296
196255,2,445,96,349
196255,4,1582,635,947
196264,1,18972,7207,11765
196264,2,17171,6665,10506
196264,4,1801,542,1259
196291,1,2046,1795,251
196291,2,1817,1629,188
196291,4,229,166,63
196307,1,1534,632,902
196307,2,247,63,184
196307,4,1287,569,718
196389,1,927,244,683
196389,2,927,244,683
196413,1,35783,16152,19631
196413,2,27675,12143,15532
196413,4,8108,4009,4099
196431,1,354,354,0
196431,2,354,354,0
196440,1,23,23,0
196440,2,13,13,0
196440,4,10,10,0
196468,1,6365,1584,4781
196468,4,6365,1584,4781
196477,1,2850,1917,933
196477,2,2850,1917,933
196565,1,9660,4407,5253
196565,2,9660,4407,5253
196583,1,125,125,0
196583,2,125,125,0
196592,1,17010,4680,12330
196592,2,8689,2566,6123
196592,4,8321,2114,6207
196653,1,1731,238,1493
196653,2,1731,238,1493
196680,1,55039,25871,29168
196680,2,50736,23597,27139
196680,4,4303,2274,2029
196699,1,4551,2047,2504
196699,2,4551,2047,2504
196866,1,2277,1235,1042
196866,2,2277,1235,1042
196884,1,223,107,116
196884,4,223,107,116
197018,1,2476,2476,0
197018,2,2099,2099,0
197018,4,377,377,0
197027,1,938,773,165
197027,2,908,750,158
197027,4,30,23,7
197036,1,4536,3673,863
197036,2,4536,3673,863
197045,1,5551,2239,3312
197045,2,3623,1414,2209
197045,4,1928,825,1103
197081,1,337,70,267
197081,2,337,70,267
197133,1,2625,1126,1499
197133,2,2625,1126,1499
197142,1,604,219,385
197142,2,604,219,385
197151,1,4886,1684,3202
197151,2,4036,1399,2637
197151,4,850,285,565
197197,1,2363,852,1511
197197,2,1874,695,1179
197197,4,489,157,332
197221,1,91,74,17
197221,2,91,74,17
197230,1,581,194,387
197230,2,581,194,387
197285,1,1426,493,933
197285,2,1426,493,933
197294,1,20828,9696,11132
197294,2,20828,9696,11132
197337,1,123,4,119
197337,2,123,4,119
197522,1,380,105,275
197522,2,380,105,275
197531,1,807,371,436
197531,2,807,371,436
197601,1,137,137,0
197601,2,137,137,0
197610,1,35,35,0
197610,2,22,22,0
197610,4,13,13,0
197647,1,153,153,0
197647,2,99,99,0
197647,4,54,54,0
197674,1,251,251,0
197674,2,226,226,0
197674,4,25,25,0
197692,1,104,104,0
197692,2,79,79,0
197692,4,25,25,0
197708,1,6711,3271,3440
197708,2,2949,1622,1327
197708,4,3762,1649,2113
197735,1,799,799,0
197735,2,634,634,0
197735,4,165,165,0
197744,1,243,243,0
197744,2,211,211,0
197744,4,32,32,0
197814,1,3363,1145,2218
197814,2,3363,1145,2218
197832,1,1195,554,641
197832,2,1195,554,641
197850,1,3537,1152,2385
197850,2,3537,1152,2385
197869,1,19516,8826,10690
197869,2,17469,8152,9317
197869,4,2047,674,1373
197887,1,10675,4601,6074
197887,2,10675,4601,6074
197911,1,1150,338,812
197911,2,1073,332,741
197911,4,77,6,71
197966,1,2288,784,1504
197966,2,2288,784,1504
197984,1,1676,763,913
197984,2,1676,763,913
197993,1,641,10,631
197993,2,641,10,631
198011,1,2231,717,1514
198011,2,2231,717,1514
198039,1,2902,1225,1677
198039,2,2902,1225,1677
198066,1,759,417,342
198066,2,759,417,342
198084,1,2208,844,1364
198084,2,2208,844,1364
198109,1,537,60,477
198109,2,516,59,457
198109,4,21,1,20
198118,1,5136,2251,2885
198118,2,5136,2251,2885
198136,1,7558,3650,3908
198136,2,5409,2694,2715
198136,4,2149,956,1193
198154,1,13179,5978,7201
198154,2,13179,5978,7201
198190,1,80,51,29
198190,2,80,51,29
198206,1,2173,718,1455
198206,2,2173,718,1455
198215,1,1438,673,765
198215,2,1391,660,731
198215,4,47,13,34
198233,1,6376,2695,3681
198233,2,6376,2695,3681
198251,1,6656,2465,4191
198251,2,6656,2465,4191
198260,1,29866,13051,16815
198260,2,29866,13051,16815
198303,1,1616,739,877
198303,2,1606,737,869
198303,4,10,2,8
198321,1,4239,1520,2719
198321,2,4239,1520,2719
198330,1,6579,2843,3736
198330,2,6579,2843,3736
198367,1,4352,1765,2587
198367,2,4352,1765,2587
198376,1,5237,1924,3313
198376,2,5237,1924,3313
198385,1,1928,944,984
198385,2,1928,944,984
198419,1,17560,8818,8742
198419,2,7253,3664,3589
198419,4,10307,5154,5153
198455,1,7474,2937,4537
198455,2,7474,2937,4537
198464,1,32148,13045,19103
198464,2,25671,10702,14969
198464,4,6477,2343,4134
198491,1,3491,883,2608
198491,2,3491,883,2608
198507,1,1884,789,1095
198507,2,1823,763,1060
198507,4,61,26,35
198516,1,6978,2843,4135
198516,2,6111,2510,3601
198516,4,867,333,534
198534,1,19474,9022,10452
198534,2,19474,9022,10452
198543,1,7525,2393,5132
198543,2,6633,2125,4508
198543,4,892,268,624
198552,1,12238,4867,7371
198552,2,12238,4867,7371
198561,1,4965,1565,3400
198561,2,2879,971,1908
198561,4,2086,594,1492
198570,1,7571,2686,4885
198570,2,7571,2686,4885
198598,1,1117,525,592
198598,2,1024,494,530
198598,4,93,31,62
198613,1,2150,998,1152
198613,2,2150,998,1152
198622,1,16522,7221,9301
198622,2,16522,7221,9301
198640,1,1691,711,980
198640,2,1691,711,980
198668,1,2395,905,1490
198668,2,2395,905,1490
198677,1,67,40,27
198677,2,67,40,27
198695,1,4837,1923,2914
198695,2,4556,1847,2709
198695,4,281,76,205
198710,1,3223,1314,1909
198710,2,3223,1314,1909
198729,1,1636,522,1114
198729,2,1636,522,1114
198747,1,179,95,84
198747,2,138,83,55
198747,4,41,12,29
198756,1,1608,598,1010
198756,2,1515,589,926
198756,4,93,9,84
198774,1,5379,2050,3329
198774,2,5379,2050,3329
198808,1,1121,377,744
198808,2,1121,377,744
198817,1,4488,1685,2803
198817,2,4488,1685,2803
198835,1,2594,972,1622
198835,2,1706,715,991
198835,4,888,257,631
198844,1,159,7,152
198844,2,159,7,152
198862,1,1498,776,722
198862,2,1498,776,722
198871,1,864,564,300
198871,2,864,564,300
198899,1,1514,739,775
198899,2,1499,737,762
198899,4,15,2,13
198905,1,1229,420,809
198905,2,1229,420,809
198914,1,1538,663,875
198914,2,1538,663,875
198923,1,1638,584,1054
198923,2,1638,584,1054
198941,1,78,11,67
198941,2,78,11,67
198950,1,2148,52,2096
198950,2,1815,5,1810
198950,4,333,47,286
198969,1,2797,1493,1304
198969,2,2526,1357,1169
198969,4,271,136,135
198978,1,6460,998,5462
198978,2,6460,998,5462
198987,1,4167,1572,2595
198987,2,4167,1572,2595
199005,1,32,0,32
199005,2,32,0,32
199023,1,1112,405,707
199023,2,1112,405,707
199032,1,1158,469,689
199032,2,893,411,482
199032,4,265,58,207
199069,1,4227,1427,2800
199069,2,4043,1371,2672
199069,4,184,56,128
199078,1,350,35,315
199078,2,350,35,315
199087,1,3812,1556,2256
199087,2,3812,1556,2256
199102,1,12258,5601,6657
199102,2,10489,4803,5686
199102,4,1769,798,971
199111,1,4393,1928,2465
199111,2,4353,1908,2445
199111,4,40,20,20
199120,1,31537,13681,17856
199120,2,19312,8105,11207
199120,4,12225,5576,6649
199139,1,32514,16432,16082
199139,2,25928,13513,12415
199139,4,6586,2919,3667
199148,1,22729,7594,15135
199148,2,18592,6326,12266
199148,4,4137,1268,2869
199157,1,9346,3090,6256
199157,2,7226,2423,4803
199157,4,2120,667,1453
199184,1,989,493,496
199184,2,873,438,435
199184,4,116,55,61
199193,1,38673,20947,17726
199193,2,27249,14765,12484
199193,4,11424,6182,5242
199209,1,2594,1033,1561
199209,2,2594,1033,1561
199218,1,16714,6259,10455
199218,2,14730,5653,9077
199218,4,1984,606,1378
199263,1,659,309,350
199263,2,659,309,350
199272,1,1157,431,726
199272,2,1157,431,726
199281,1,7518,2807,4711
199281,2,6557,2548,4009
199281,4,961,259,702
199306,1,2011,719,1292
199306,2,998,417,581
199306,4,1013,302,711
199324,1,1841,735,1106
199324,2,1841,735,1106
199333,1,12598,4962,7636
199333,2,12598,4962,7636
199412,1,2712,855,1857
199412,2,1846,594,1252
199412,4,866,261,605
199421,1,3605,1299,2306
199421,2,3605,1299,2306
199449,1,3265,1125,2140
199449,2,3265,1125,2140
199458,1,232,103,129
199458,2,232,103,129
199467,1,1283,438,845
199467,2,1283,438,845
199476,1,2707,852,1855
199476,2,2707,852,1855
199485,1,2409,991,1418
199485,2,2409,991,1418
199494,1,8271,3122,5149
199494,2,8271,3122,5149
199582,1,905,498,407
199582,2,905,498,407
199607,1,1182,59,1123
199607,2,977,37,940
199607,4,205,22,183
199625,1,1954,626,1328
199625,2,1954,626,1328
199634,1,5693,2075,3618
199634,2,5693,2075,3618
199643,1,1847,784,1063
199643,2,1684,722,962
199643,4,163,62,101
199670,1,178,79,99
199670,2,178,79,99
199689,1,302,17,285
199689,2,302,17,285
199698,1,750,340,410
199698,2,696,306,390
199698,4,54,34,20
199722,1,1983,618,1365
199722,2,1983,618,1365
199731,1,3472,1317,2155
199731,2,3472,1317,2155
199740,1,4061,1177,2884
199740,2,4061,1177,2884
199759,1,3295,2573,722
199759,2,620,371,249
199759,4,2675,2202,473
199768,1,4275,1691,2584
199768,2,4275,1691,2584
199786,1,6562,2337,4225
199786,2,6562,2337,4225
199795,1,1651,637,1014
199795,2,1651,637,1014
199838,1,4433,1512,2921
199838,2,4433,1512,2921
199847,1,8330,3960,4370
199847,2,4966,2381,2585
199847,4,3364,1579,1785
199856,1,30911,13741,17170
199856,2,30911,13741,17170
199865,1,907,350,557
199865,2,819,326,493
199865,4,88,24,64
199883,1,182,12,170
199883,2,182,12,170
199892,1,3922,1596,2326
199892,2,3922,1596,2326
199908,1,2731,1136,1595
199908,2,2731,1136,1595
199926,1,3168,1407,1761
199926,2,3168,1407,1761
199953,1,2856,908,1948
199953,2,2856,908,1948
199962,1,3341,1337,2004
199962,2,2101,851,1250
199962,4,1240,486,754
199971,1,79,34,45
199971,2,58,27,31
199971,4,21,7,14
199980,1,106,92,14
199980,2,106,92,14
199999,1,6058,1665,4393
199999,2,5573,1533,4040
199999,4,485,132,353
200004,1,11795,5062,6733
200004,2,9890,4446,5444
200004,4,1905,616,1289
200013,1,1014,242,772
200013,2,1014,242,772
200022,1,5225,2943,2282
200022,2,5225,2943,2282
200059,1,1645,669,976
200059,2,1636,667,969
200059,4,9,2,7
200086,1,342,125,217
200086,2,342,125,217
200110,1,90,3,87
200110,2,90,3,87
200129,1,72,4,68
200129,2,72,4,68
200156,1,1183,558,625
200156,2,988,465,523
200156,4,195,93,102
200165,1,65,0,65
200165,2,65,0,65
200192,1,2972,1394,1578
200192,2,2972,1394,1578
200208,1,310,129,181
200208,2,310,129,181
200217,1,3853,1420,2433
200217,2,2530,935,1595
200217,4,1323,485,838
200226,1,1294,552,742
200226,2,1275,546,729
200226,4,19,6,13
200253,1,4195,1686,2509
200253,2,3792,1549,2243
200253,4,403,137,266
200262,1,11,8,3
200262,2,11,8,3
200280,1,18395,9675,8720
200280,2,14247,8109,6138
200280,4,4148,1566,2582
200305,1,3752,1950,1802
200305,2,3752,1950,1802
200314,1,965,456,509
200314,2,965,456,509
200332,1,16019,8489,7530
200332,2,13063,7043,6020
200332,4,2956,1446,1510
200341,1,1424,534,890
200341,2,1424,534,890
200387,1,52,4,48
200387,2,52,4,48
200466,1,407,155,252
200466,2,405,153,252
200466,4,2,2,0
200484,1,249,157,92
200484,2,230,143,87
200484,4,19,14,5
200527,1,829,327,502
200527,2,829,327,502
200554,1,547,181,366
200554,2,547,181,366
200572,1,1755,638,1117
200572,2,1547,587,960
200572,4,208,51,157
200590,1,249,112,137
200590,2,249,112,137
200624,1,46,16,30
200624,2,46,16,30
200633,1,350,68,282
200633,2,350,68,282
200697,1,1196,1052,144
200697,4,1196,1052,144
200785,1,867,163,704
200785,2,867,163,704
200800,1,26663,13583,13080
200800,2,21460,11304,10156
200800,4,5203,2279,2924
200828,1,94,14,80
200828,2,94,14,80
200846,1,2584,1050,1534
200846,2,2584,1050,1534
200873,1,80,33,47
200873,2,80,33,47
201016,1,304,50,254
201016,2,304,50,254
201034,1,1270,589,681
201034,2,1270,589,681
201061,1,217,73,144
201061,2,208,70,138
201061,4,9,3,6
201098,1,77,17,60
201098,2,77,17,60
201104,1,8030,3754,4276
201104,2,4850,2464,2386
201104,4,3180,1290,1890
201131,1,135,23,112
201131,2,135,23,112
201140,1,236,171,65
201140,2,92,63,29
201140,4,144,108,36
201159,1,410,323,87
201159,2,410,323,87
201177,1,490,61,429
201177,2,490,61,429
201195,1,4785,2049,2736
201195,2,3680,1631,2049
201195,4,1105,418,687
201283,1,1536,545,991
201283,2,1536,545,991
201371,1,1151,532,619
201371,2,990,478,512
201371,4,161,54,107
201399,1,298,135,163
201399,2,298,135,163
201432,1,2818,1017,1801
201432,2,2818,1017,1801
201441,1,19460,8295,11165
201441,2,15849,6865,8984
201441,4,3611,1430,2181
201469,1,771,112,659
201469,2,771,112,659
201478,1,236,41,195
201478,2,236,41,195
201496,1,416,276,140
201496,2,416,276,140
201539,1,118,9,109
201539,2,118,9,109
201548,1,4037,1732,2305
201548,2,3139,1307,1832
201548,4,898,425,473
201645,1,12178,6086,6092
201645,2,5298,2930,2368
201645,4,6880,3156,3724
201654,1,3961,1827,2134
201654,2,3589,1688,1901
201654,4,372,139,233
201672,1,5634,1931,3703
201672,2,5634,1931,3703
201681,1,152,13,139
201681,2,152,13,139
201690,1,1890,857,1033
201690,2,1877,853,1024
201690,4,13,4,9
201751,1,539,127,412
201751,2,539,127,412
201803,1,138,10,128
201803,2,138,10,128
201821,1,864,79,785
201821,2,864,79,785
201858,1,964,545,419
201858,2,715,384,331
201858,4,249,161,88
201867,1,106,38,68
201867,2,106,38,68
201885,1,41712,18966,22746
201885,2,28056,13861,14195
201885,4,13656,5105,8551
201928,1,15161,7319,7842
201928,2,15161,7319,7842
201946,1,4264,1913,2351
201946,2,4264,1913,2351
201955,1,6307,2679,3628
201955,2,6307,2679,3628
201964,1,5621,2153,3468
201964,2,5098,1913,3185
201964,4,523,240,283
201973,1,8698,3251,5447
201973,2,8698,3251,5447
201982,1,80,1,79
201982,2,80,1,79
202046,1,618,267,351
202046,2,618,267,351
202055,1,319,19,300
202055,2,319,19,300
202073,1,441,211,230
202073,2,243,118,125
202073,4,198,93,105
202134,1,20452,9304,11148
202134,2,14415,6744,7671
202134,4,6037,2560,3477
202152,1,162,66,96
202152,2,162,66,96
202161,1,582,187,395
202161,2,582,187,395
202170,1,1152,406,746
202170,2,1124,395,729
202170,4,28,11,17
202222,1,45332,20933,24399
202222,2,45332,20933,24399
202356,1,39832,16518,23314
202356,2,39832,16518,23314
202435,1,245,48,197
202435,2,245,48,197
202453,1,73,60,13
202453,2,73,60,13
202480,1,12509,6521,5988
202480,2,8999,4799,4200
202480,4,3510,1722,1788
202514,1,814,418,396
202514,2,733,385,348
202514,4,81,33,48
202523,1,2283,992,1291
202523,2,2283,992,1291
202648,1,3951,1529,2422
202648,2,3951,1529,2422
202657,1,608,182,426
202657,2,608,182,426
202684,1,683,171,512
202684,2,683,171,512
202763,1,6055,2424,3631
202763,2,4098,1597,2501
202763,4,1957,827,1130
202806,1,7264,3140,4124
202806,2,5766,2534,3232
202806,4,1498,606,892
202888,1,73,1,72
202888,2,73,1,72
202903,1,327,177,150
202903,2,327,177,150
202912,1,455,34,421
202912,2,455,34,421
202949,1,356,286,70
202949,2,356,286,70
202985,1,65,8,57
202985,2,65,8,57
203030,1,185,23,162
203030,2,185,23,162
203067,1,371,160,211
203067,4,371,160,211
203085,1,1429,645,784
203085,2,1096,579,517
203085,4,333,66,267
203128,1,1244,581,663
203128,2,1202,567,635
203128,4,42,14,28
203146,1,700,686,14
203146,2,700,686,14
203155,1,5394,2697,2697
203155,2,5394,2697,2697
203225,1,165,121,44
203225,2,165,121,44
203234,1,228,11,217
203234,2,228,11,217
203289,1,96,78,18
203289,2,96,78,18
203331,1,4808,1817,2991
203331,2,4808,1817,2991
203368,1,4150,1910,2240
203368,2,3325,1671,1654
203368,4,825,239,586
203386,1,2689,225,2464
203386,2,2689,225,2464
203438,1,233,6,227
203438,2,233,6,227
203447,1,3769,1398,2371
203447,2,3763,1397,2366
203447,4,6,1,5
203456,1,2417,774,1643
203456,2,2413,772,1641
203456,4,4,2,2
203465,1,7395,2750,4645
203465,2,7329,2728,4601
203465,4,66,22,44
203474,1,4586,1781,2805
203474,2,4581,1778,2803
203474,4,5,3,2
203483,1,2909,1232,1677
203483,2,2874,1224,1650
203483,4,35,8,27
203492,1,2622,795,1827
203492,2,2621,795,1826
203492,4,1,0,1
203517,1,36070,14329,21741
203517,2,27443,11001,16442
203517,4,8627,3328,5299
203526,1,4358,1626,2732
203526,2,4353,1624,2729
203526,4,5,2,3
203535,1,1764,796,968
203535,2,1764,796,968
203544,1,1112,213,899
203544,2,911,165,746
203544,4,201,48,153
203580,1,1365,666,699
203580,2,1046,512,534
203580,4,319,154,165
203599,1,10740,4371,6369
203599,2,10740,4371,6369
203614,1,511,173,338
203614,2,511,173,338
203678,1,5969,2239,3730
203678,2,5969,2239,3730
203720,1,651,90,561
203720,2,651,90,561
203739,1,457,109,348
203739,2,457,109,348
203748,1,14816,5657,9159
203748,2,14816,5657,9159
203757,1,2734,664,2070
203757,2,1348,403,945
203757,4,1386,261,1125
203775,1,2304,819,1485
203775,2,1591,617,974
203775,4,713,202,511
203845,1,1472,859,613
203845,2,1347,826,521
203845,4,125,33,92
203881,1,3472,1546,1926
203881,2,3472,1546,1926
203942,1,116,64,52
203942,2,116,64,52
203960,1,1538,219,1319
203960,2,1538,219,1319
203997,1,178,74,104
203997,4,178,74,104
204006,1,3811,1750,2061
204006,2,3811,1750,2061
204015,1,2420,1110,1310
204015,2,2420,1110,1310
204024,1,21235,9787,11448
204024,2,17717,8753,8964
204024,4,3518,1034,2484
204060,1,244,50,194
204060,2,244,50,194
204121,1,91,1,90
204121,2,91,1,90
204158,1,556,219,337
204158,2,556,219,337
204176,1,1343,140,1203
204176,2,1146,118,1028
204176,4,197,22,175
204185,1,2290,1128,1162
204185,2,2137,1079,1058
204185,4,153,49,104
204194,1,2681,978,1703
204194,2,2104,791,1313
204194,4,577,187,390
204200,1,2513,850,1663
204200,2,1726,697,1029
204200,4,787,153,634
204255,1,3937,2036,1901
204255,2,3937,2036,1901
204264,1,3380,1155,2225
204264,2,2045,904,1141
204264,4,1335,251,1084
204316,1,485,93,392
204316,2,485,93,392
204334,1,57,1,56
204334,2,57,1,56
204422,1,3782,1526,2256
204422,2,3782,1526,2256
204431,1,30,5,25
204431,2,30,5,25
204440,1,6734,4657,2077
204440,2,6734,4657,2077
204459,1,110,35,75
204459,2,110,35,75
204468,1,2219,936,1283
204468,2,1985,882,1103
204468,4,234,54,180
204477,1,922,457,465
204477,4,922,457,465
204486,1,5092,4049,1043
204486,2,4963,3985,978
204486,4,129,64,65
204501,1,3061,1349,1712
204501,2,3042,1336,1706
204501,4,19,13,6
204608,1,1283,1223,60
204608,2,1283,1223,60
204617,1,3142,1266,1876
204617,2,2090,950,1140
204617,4,1052,316,736
204626,1,524,87,437
204626,2,524,87,437
204635,1,3288,1644,1644
204635,2,2440,1328,1112
204635,4,848,316,532
204662,1,827,448,379
204662,2,827,448,379
204671,1,1279,536,743
204671,2,1248,533,715
204671,4,31,3,28
204680,1,1623,713,910
204680,2,1548,704,844
204680,4,75,9,66
204699,1,1274,592,682
204699,2,1251,588,663
204699,4,23,4,19
204705,1,2861,1397,1464
204705,2,2824,1394,1430
204705,4,37,3,34
204714,1,182,4,178
204714,2,182,4,178
204723,1,231,185,46
204723,2,231,185,46
204769,1,235,4,231
204769,2,235,4,231
204778,1,191,55,136
204778,2,191,55,136
204796,1,63735,32082,31653
204796,2,48487,25296,23191
204796,4,15248,6786,8462
204802,1,2297,927,1370
204802,2,2297,927,1370
204820,1,3627,1359,2268
204820,2,3627,1359,2268
204839,1,3433,1338,2095
204839,2,3433,1338,2095
204848,1,3992,1539,2453
204848,2,3992,1539,2453
204857,1,35053,14322,20731
204857,2,27817,10744,17073
204857,4,7236,3578,3658
204866,1,3720,1171,2549
204866,2,3720,1171,2549
204884,1,285,23,262
204884,2,285,23,262
204893,1,75,7,68
204893,2,75,7,68
204909,1,1734,819,915
204909,2,1734,819,915
204936,1,3243,1141,2102
204936,2,2490,961,1529
204936,4,753,180,573
204945,1,17155,9347,7808
204945,2,17155,9347,7808
204963,1,97,4,93
204963,2,97,4,93
204981,1,146,40,106
204981,2,146,40,106
204990,1,194,98,96
204990,4,194,98,96
205027,1,245,244,1
205027,2,132,132,0
205027,4,113,112,1
205054,1,484,66,418
205054,2,484,66,418
205090,1,117,16,101
205090,2,117,16,101
205124,1,74,74,0
205124,2,44,44,0
205124,4,30,30,0
205142,1,207,72,135
205142,2,207,72,135
205179,1,1608,312,1296
205179,2,1608,312,1296
205203,1,2561,884,1677
205203,2,2490,856,1634
205203,4,71,28,43
205391,1,178,55,123
205391,2,178,55,123
205443,1,4100,1781,2319
205443,2,3805,1699,2106
205443,4,295,82,213
205470,1,34205,15896,18309
205470,2,34205,15896,18309
205513,1,135,33,102
205513,2,135,33,102
205522,1,40,9,31
205522,2,40,9,31
205531,1,21,2,19
205531,2,21,2,19
205559,1,184,59,125
205559,2,184,59,125
205610,1,931,222,709
205610,2,931,222,709
205647,1,454,60,394
205647,2,454,60,394
205841,1,15352,6616,8736
205841,2,15352,6616,8736
205887,1,1214,210,1004
205887,2,1214,210,1004
205957,1,3180,1322,1858
205957,2,2249,901,1348
205957,4,931,421,510
205966,1,3503,1136,2367
205966,2,3503,1136,2367
206011,1,3342,1664,1678
206011,2,3342,1664,1678
206039,1,67,4,63
206039,2,67,4,63
206048,1,4531,2060,2471
206048,2,2956,1426,1530
206048,4,1575,634,941
206084,1,23132,11421,11711
206084,2,17965,9225,8740
206084,4,5167,2196,2971
206154,1,69,47,22
206154,2,64,43,21
206154,4,5,4,1
206172,1,72,19,53
206172,2,72,19,53
206181,1,138,36,102
206181,2,138,36,102
206215,1,116,70,46
206215,4,116,70,46
206224,1,232,45,187
206224,2,232,45,187
206279,1,2172,949,1223
206279,2,1633,779,854
206279,4,539,170,369
206288,1,575,312,263
206288,4,575,312,263
206321,1,765,378,387
206321,2,765,378,387
206330,1,3863,1757,2106
206330,2,3513,1631,1882
206330,4,350,126,224
206349,1,1303,124,1179
206349,2,706,56,650
206349,4,597,68,529
206394,1,206,41,165
206394,2,206,41,165
206437,1,3388,1245,2143
206437,2,2433,971,1462
206437,4,955,274,681
206446,1,2063,797,1266
206446,2,2063,797,1266
206482,1,300,11,289
206482,2,300,11,289
206491,1,839,334,505
206491,2,801,318,483
206491,4,38,16,22
206507,1,1185,553,632
206507,2,1185,553,632
206516,1,89,38,51
206516,4,89,38,51
206525,1,1909,803,1106
206525,2,1870,799,1071
206525,4,39,4,35
206589,1,2077,934,1143
206589,2,2077,934,1143
206604,1,19602,9448,10154
206604,2,14240,6891,7349
206604,4,5362,2557,2805
206613,1,1653,782,871
206613,2,1602,756,846
206613,4,51,26,25
206622,1,7361,3199,4162
206622,2,4941,2305,2636
206622,4,2420,894,1526
206695,1,14835,6798,8037
206695,2,12964,6085,6879
206695,4,1871,713,1158
206783,1,18,14,4
206783,2,18,14,4
206817,1,1020,622,398
206817,2,1020,622,398
206835,1,1966,755,1211
206835,2,1629,630,999
206835,4,337,125,212
206862,1,2494,1095,1399
206862,2,1741,788,953
206862,4,753,307,446
206880,1,130,4,126
206880,2,130,4,126
206905,1,118,61,57
206905,2,118,61,57
206914,1,6288,2475,3813
206914,2,5725,2297,3428
206914,4,563,178,385
206923,1,2902,1048,1854
206923,2,2902,1048,1854
206932,1,306,19,287
206932,2,306,19,287
206941,1,19985,8160,11825
206941,2,17659,7437,10222
206941,4,2326,723,1603
206969,1,46,1,45
206969,2,46,1,45
206996,1,3012,951,2061
206996,2,3012,951,2061
207041,1,5450,2174,3276
207041,2,4367,1861,2506
207041,4,1083,313,770
207050,1,2149,729,1420
207050,2,2149,729,1420
207069,1,3598,1485,2113
207069,2,3598,1485,2113
207087,1,55,1,54
207087,2,55,1,54
207102,1,156,15,141
207102,2,156,15,141
207157,1,376,213,163
207157,2,360,201,159
207157,4,16,12,4
207166,1,14,1,13
207166,2,14,1,13
207209,1,2985,1062,1923
207209,2,2434,905,1529
207209,4,551,157,394
207236,1,3015,1005,2010
207236,2,3015,1005,2010
207254,1,1366,1214,152
207254,2,1366,1214,152
207263,1,9734,3643,6091
207263,2,8245,3253,4992
207263,4,1489,390,1099
207272,1,27,2,25
207272,2,27,2,25
207281,1,6657,2692,3965
207281,2,6657,2692,3965
207290,1,2764,1268,1496
207290,2,2764,1268,1496
207306,1,2598,1102,1496
207306,2,2294,992,1302
207306,4,304,110,194
207315,1,908,454,454
207315,4,908,454,454
207324,1,3025,1680,1345
207324,2,2114,1061,1053
207324,4,911,619,292
207342,1,3953,1278,2675
207342,2,1002,124,878
207342,4,2951,1154,1797
207351,1,1479,686,793
207351,2,1479,686,793
207388,1,28808,14850,13958
207388,2,23193,11833,11360
207388,4,5615,3017,2598
207397,1,9101,3772,5329
207397,2,9101,3772,5329
207403,1,2165,887,1278
207403,2,2048,837,1211
207403,4,117,50,67
207449,1,19668,8405,11263
207449,2,19668,8405,11263
207458,1,3467,1382,2085
207458,2,2007,689,1318
207458,4,1460,693,767
207500,1,31218,15894,15324
207500,2,23570,12040,11530
207500,4,7648,3854,3794
207537,1,51,9,42
207537,2,51,9,42
207564,1,3683,2355,1328
207564,2,3683,2355,1328
207582,1,4294,1859,2435
207582,2,3601,1517,2084
207582,4,693,342,351
207625,1,327,21,306
207625,2,327,21,306
207661,1,5015,1919,3096
207661,2,4997,1912,3085
207661,4,18,7,11
207670,1,9648,3940,5708
207670,2,9648,3940,5708
207689,1,818,344,474
207689,2,754,317,437
207689,4,64,27,37
207704,1,103,2,101
207704,2,103,2,101
207722,1,968,334,634
207722,2,968,334,634
207740,1,2463,857,1606
207740,2,2463,857,1606
207786,1,38,2,36
207786,2,38,2,36
207847,1,4589,2090,2499
207847,2,3926,1763,2163
207847,4,663,327,336
207856,1,897,430,467
207856,2,865,416,449
207856,4,32,14,18
207865,1,6074,2503,3571
207865,2,5093,2123,2970
207865,4,981,380,601
207935,1,25039,10227,14812
207935,2,25039,10227,14812
207962,1,1750,1622,128
207962,2,1750,1622,128
207971,1,5065,2923,2142
207971,2,3699,2151,1548
207971,4,1366,772,594
208017,1,33,2,31
208017,2,33,2,31
208026,1,409,235,174
208026,2,409,235,174
208035,1,2076,821,1255
208035,2,2076,821,1255
208044,1,43,0,43
208044,2,43,0,43
208053,1,329,170,159
208053,2,329,170,159
208080,1,57,22,35
208080,2,57,22,35
208123,1,120,20,100
208123,2,120,20,100
208187,1,271,36,235
208187,2,271,36,235
208239,1,1189,585,604
208239,2,1189,585,604
208248,1,128,25,103
208248,2,128,25,103
208275,1,3988,1710,2278
208275,2,3988,1710,2278
208318,1,9460,4422,5038
208318,2,9460,4422,5038
208390,1,19353,8618,10735
208390,2,19353,8618,10735
208406,1,14219,7163,7056
208406,2,14219,7163,7056
208415,1,2233,1124,1109
208415,2,2233,1124,1109
208433,1,83,2,81
208433,2,83,2,81
208479,1,1064,156,908
208479,2,1064,156,908
208488,1,10839,2554,8285
208488,2,1389,467,922
208488,4,9450,2087,7363
208512,1,423,64,359
208512,2,423,64,359
208637,1,296,84,212
208637,2,296,84,212
208646,1,5866,2170,3696
208646,2,5258,1970,3288
208646,4,608,200,408
208655,1,160,55,105
208655,2,160,55,105
208725,1,159,92,67
208725,2,152,88,64
208725,4,7,4,3
208822,1,4240,1827,2413
208822,2,2733,1205,1528
208822,4,1507,622,885
208859,1,61,5,56
208859,2,61,5,56
209038,1,12159,6148,6011
209038,2,12159,6148,6011
209056,1,3924,1451,2473
209056,2,2241,864,1377
209056,4,1683,587,1096
209065,1,1751,702,1049
209065,2,1751,702,1049
209074,1,11466,5377,6089
209074,2,11466,5377,6089
209083,1,140,26,114
209083,2,140,26,114
209108,1,1329,432,897
209108,2,669,189,480
209108,4,660,243,417
209153,1,68,2,66
209153,2,68,2,66
209205,1,143,13,130
209205,2,143,13,130
209241,1,188,185,3
209241,2,80,80,0
209241,4,108,105,3
209250,1,15629,7697,7932
209250,2,15629,7697,7932
209287,1,835,467,368
209287,2,450,248,202
209287,4,385,219,166
209296,1,659,153,506
209296,4,659,153,506
209409,1,973,366,607
209409,2,691,266,425
209409,4,282,100,182
209490,1,3236,1127,2109
209490,2,945,152,793
209490,4,2291,975,1316
209506,1,6529,3398,3131
209506,2,6456,3349,3107
209506,4,73,49,24
209533,1,179,35,144
209533,2,129,24,105
209533,4,50,11,39
209542,1,35018,18486,16532
209542,2,28849,15421,13428
209542,4,6169,3065,3104
209551,1,27202,12883,14319
209551,2,22625,10810,11815
209551,4,4577,2073,2504
209603,1,543,169,374
209603,2,421,128,293
209603,4,122,41,81
209612,1,4100,1460,2640
209612,2,1977,794,1183
209612,4,2123,666,1457
209667,1,94,2,92
209667,2,94,2,92
209676,1,175,11,164
209676,2,175,11,164
209694,1,55,15,40
209694,2,55,15,40
209700,1,234,7,227
209700,2,234,7,227
209719,1,44,3,41
209719,2,44,3,41
209746,1,51474,24279,27195
209746,2,51474,24279,27195
209807,1,37857,16506,21351
209807,2,28348,13229,15119
209807,4,9509,3277,6232
209825,1,4904,1988,2916
209825,2,4073,1667,2406
209825,4,831,321,510
209922,1,1516,686,830
209922,2,1491,674,817
209922,4,25,12,13
209940,1,9258,4035,5223
209940,2,9258,4035,5223
209986,1,48,1,47
209986,2,48,1,47
210076,1,1770,487,1283
210076,2,1770,487,1283
210100,1,97,6,91
210100,2,97,6,91
210146,1,7994,3082,4912
210146,2,6569,2644,3925
210146,4,1425,438,987
210155,1,2984,1330,1654
210155,2,2984,1330,1654
210234,1,3449,1597,1852
210234,2,3449,1597,1852
210270,1,3120,1393,1727
210270,2,3120,1393,1727
210304,1,704,300,404
210304,2,698,299,399
210304,4,6,1,5
210331,1,1485,602,883
210331,2,1204,469,735
210331,4,281,133,148
210340,1,84,6,78
210340,2,84,6,78
210359,1,130,39,91
210359,2,130,39,91
210368,1,917,594,323
210368,4,917,594,323
210401,1,2945,1334,1611
210401,2,2149,928,1221
210401,4,796,406,390
210429,1,9006,3458,5548
210429,2,7376,3022,4354
210429,4,1630,436,1194
210438,1,1124,486,638
210438,2,113,32,81
210438,4,1011,454,557
210456,1,264,41,223
210456,2,264,41,223
210474,1,133,38,95
210474,2,133,38,95
210483,1,410,122,288
210483,2,410,122,288
210492,1,302,162,140
210492,2,295,157,138
210492,4,7,5,2
210508,1,29,17,12
210508,4,29,17,12
210571,1,2384,935,1449
210571,2,2349,926,1423
210571,4,35,9,26
210599,1,672,630,42
210599,2,672,630,42
210605,1,26778,11794,14984
210605,2,26778,11794,14984
210669,1,1981,902,1079
210669,2,1981,902,1079
210711,1,129,8,121
210711,2,129,8,121
210739,1,3983,1546,2437
210739,2,2800,1091,1709
210739,4,1183,455,728
210748,1,80,2,78
210748,2,80,2,78
210775,1,3525,1002,2523
210775,2,2909,797,2112
210775,4,616,205,411
210784,1,274,22,252
210784,2,274,22,252
210809,1,20413,14323,6090
210809,2,19445,13681,5764
210809,4,968,642,326
210890,1,177,51,126
210890,2,177,51,126
210906,1,255,110,145
210906,2,255,110,145
210942,1,2094,992,1102
210942,2,2094,992,1102
210951,1,175,5,170
210951,2,175,5,170
210960,1,1209,591,618
210960,2,1209,591,618
211006,1,546,510,36
211006,2,546,510,36
211024,1,1189,686,503
211024,2,731,354,377
211024,4,458,332,126
211079,1,3055,1187,1868
211079,2,3055,1187,1868
211088,1,4443,1264,3179
211088,2,2827,880,1947
211088,4,1616,384,1232
211130,1,347,214,133
211130,4,347,214,133
211149,1,243,90,153
211149,2,243,90,153
211158,1,10829,4625,6204
211158,2,9978,4363,5615
211158,4,851,262,589
211200,1,445,128,317
211200,2,445,128,317
211273,1,1791,85,1706
211273,2,1430,1,1429
211273,4,361,84,277
211291,1,3800,1805,1995
211291,2,3721,1769,1952
211291,4,79,36,43
211307,1,14368,6170,8198
211307,2,14368,6170,8198
211316,1,115,3,112
211316,2,115,3,112
211334,1,74,4,70
211334,2,74,4,70
211343,1,4963,2078,2885
211343,2,4963,2078,2885
211352,1,2765,898,1867
211352,2,1673,629,1044
211352,4,1092,269,823
211361,1,9895,4363,5532
211361,2,6769,3127,3642
211361,4,3126,1236,1890
211431,1,2675,368,2307
211431,2,1658,216,1442
211431,4,1017,152,865
211440,1,14202,8662,5540
211440,2,6869,3818,3051
211440,4,7333,4844,2489
211468,1,1996,238,1758
211468,2,1699,200,1499
211468,4,297,38,259
211477,1,1999,694,1305
211477,2,1914,661,1253
211477,4,85,33,52
211556,1,2614,495,2119
211556,2,1261,231,1030
211556,4,1353,264,1089
211583,1,2260,665,1595
211583,2,1633,543,1090
211583,4,627,122,505
211608,1,848,415,433
211608,2,803,397,406
211608,4,45,18,27
211617,1,1060,350,710
211617,2,1060,350,710
211635,1,186,15,171
211635,2,186,15,171
211644,1,6444,2239,4205
211644,2,5283,1975,3308
211644,4,1161,264,897
211802,1,256,65,191
211802,2,256,65,191
211820,1,174,30,144
211820,2,174,30,144
211893,1,177,87,90
211893,2,132,65,67
211893,4,45,22,23
211909,1,159,157,2
211909,2,159,157,2
211927,1,17803,7407,10396
211927,2,17803,7407,10396
211981,1,2740,1129,1611
211981,2,2125,867,1258
211981,4,615,262,353
212009,1,2427,1021,1406
212009,2,2427,1021,1406
212018,1,159,83,76
212018,4,159,83,76
212045,1,434,151,283
212045,2,434,151,283
212054,1,29693,13575,16118
212054,2,18721,9563,9158
212054,4,10972,4012,6960
212106,1,10394,3962,6432
212106,2,6410,2417,3993
212106,4,3984,1545,2439
212115,1,7760,3341,4419
212115,2,6870,3035,3835
212115,4,890,306,584
212133,1,4113,1246,2867
212133,2,2478,730,1748
212133,4,1635,516,1119
212160,1,7755,2914,4841
212160,2,5844,2490,3354
212160,4,1911,424,1487
212197,1,1869,689,1180
212197,2,1814,688,1126
212197,4,55,1,54
212230,1,58,3,55
212230,2,58,3,55
212267,1,177,7,170
212267,2,177,7,170
212276,1,151,9,142
212276,2,151,9,142
212294,1,66,2,64
212294,2,66,2,64
212300,1,71,6,65
212300,2,71,6,65
212328,1,182,10,172
212328,2,182,10,172
212337,1,205,10,195
212337,2,205,10,195
212355,1,229,12,217
212355,2,229,12,217
212373,1,74,7,67
212373,2,74,7,67
212382,1,199,10,189
212382,2,199,10,189
212391,1,171,9,162
212391,2,171,9,162
212434,1,539,496,43
212434,2,539,496,43
212443,1,133,80,53
212443,4,133,80,53
212452,1,170,103,67
212452,2,81,41,40
212452,4,89,62,27
212568,1,264,50,214
212568,2,264,50,214
212577,1,2417,1145,1272
212577,2,2417,1145,1272
212601,1,5051,2379,2672
212601,2,3328,1480,1848
212601,4,1723,899,824
212656,1,1988,914,1074
212656,2,1656,794,862
212656,4,332,120,212
212674,1,2664,1229,1435
212674,2,2664,1229,1435
212753,1,213,10,203
212753,2,213,10,203
212771,1,559,130,429
212771,2,118,10,108
212771,4,441,120,321
212805,1,2445,1214,1231
212805,2,2445,1214,1231
212832,1,3182,745,2437
212832,2,2397,571,1826
212832,4,785,174,611
212869,1,1828,337,1491
212869,2,1828,337,1491
212878,1,27062,10098,16964
212878,2,27062,10098,16964
212911,1,1305,630,675
212911,2,1305,630,675
212975,1,426,291,135
212975,2,426,291,135
212984,1,3155,816,2339
212984,2,2226,602,1624
212984,4,929,214,715
212993,1,83,36,47
212993,2,83,36,47
213002,1,814,243,571
213002,2,814,243,571
213011,1,3687,927,2760
213011,2,2125,524,1601
213011,4,1562,403,1159
213020,1,15818,7099,8719
213020,2,13061,5964,7097
213020,4,2757,1135,1622
213163,1,56,9,47
213163,2,56,9,47
213181,1,481,39,442
213181,2,481,39,442
213215,1,235,19,216
213215,2,235,19,216
213233,1,505,375,130
213233,2,505,375,130
213251,1,1625,722,903
213251,2,1611,715,896
213251,4,14,7,7
213303,1,1733,650,1083
213303,2,1658,635,1023
213303,4,75,15,60
213321,1,2799,1316,1483
213321,2,2269,1177,1092
213321,4,530,139,391
213330,1,33,1,32
213330,2,33,1,32
213349,1,9933,4305,5628
213349,2,8908,4064,4844
213349,4,1025,241,784
213358,1,1790,771,1019
213358,2,1619,720,899
213358,4,171,51,120
213367,1,7356,2391,4965
213367,2,4284,1572,2712
213367,4,3072,819,2253
213376,1,2697,1290,1407
213376,2,2697,1290,1407
213385,1,2541,1306,1235
213385,2,2541,1306,1235
213400,1,2288,1210,1078
213400,2,1721,862,859
213400,4,567,348,219
213446,1,99,33,66
213446,4,99,33,66
213455,1,346,2,344
213455,2,346,2,344
213473,1,276,56,220
213473,2,276,56,220
213491,1,66,1,65
213491,2,66,1,65
213507,1,2186,992,1194
213507,2,1807,839,968
213507,4,379,153,226
213525,1,9735,3871,5864
213525,2,9735,3871,5864
213534,1,1700,636,1064
213534,2,1700,636,1064
213543,1,7602,4205,3397
213543,2,5325,2959,2366
213543,4,2277,1246,1031
213552,1,95,12,83
213552,2,95,12,83
213570,1,796,192,604
213570,2,796,192,604
213589,1,487,454,33
213589,2,487,454,33
213598,1,2090,781,1309
213598,2,1808,685,1123
213598,4,282,96,186
213613,1,5066,2076,2990
213613,2,4528,1940,2588
213613,4,538,136,402
213622,1,102,17,85
213622,2,102,17,85
213631,1,139,65,74
213631,4,139,65,74
213640,1,239,110,129
213640,4,239,110,129
213659,1,8244,3214,5030
213659,2,8244,3214,5030
213668,1,1394,669,725
213668,2,1394,669,725
213774,1,809,213,596
213774,2,809,213,596
213783,1,2632,1025,1607
213783,2,2476,994,1482
213783,4,156,31,125
213826,1,3635,1085,2550
213826,2,2194,711,1483
213826,4,1441,374,1067
213871,1,451,167,284
213871,2,451,167,284
213914,1,477,28,449
213914,2,477,28,449
213932,1,142,17,125
213932,2,142,17,125
213987,1,3078,1329,1749
213987,2,2665,1139,1526
213987,4,413,190,223
213996,1,3542,1311,2231
213996,2,2916,1141,1775
213996,4,626,170,456
214023,1,79,35,44
214023,2,79,35,44
214041,1,9512,3920,5592
214041,2,8025,3545,4480
214041,4,1487,375,1112
214069,1,3572,1108,2464
214069,2,2619,834,1785
214069,4,953,274,679
214111,1,18729,8154,10575
214111,2,18729,8154,10575
214148,1,468,6,462
214148,2,416,0,416
214148,4,52,6,46
214157,1,2557,1050,1507
214157,2,2071,911,1160
214157,4,486,139,347
214166,1,3088,1003,2085
214166,2,3002,970,2032
214166,4,86,33,53
214175,1,2534,1024,1510
214175,2,2534,1024,1510
214254,1,1114,360,754
214254,2,1114,360,754
214272,1,4027,1289,2738
214272,2,2753,972,1781
214272,4,1274,317,957
214290,1,1075,1021,54
214290,2,1075,1021,54
214379,1,14154,5683,8471
214379,2,14154,5683,8471
214476,1,55,4,51
214476,2,55,4,51
214528,1,565,445,120
214528,2,565,445,120
214546,1,90,2,88
214546,2,90,2,88
214564,1,1171,326,845
214564,4,1171,326,845
214582,1,1189,201,988
214582,2,1189,201,988
214591,1,4619,2990,1629
214591,2,4432,2857,1575
214591,4,187,133,54
214607,1,595,408,187
214607,4,595,408,187
214616,1,921,435,486
214616,4,921,435,486
214625,1,827,425,402
214625,2,827,425,402
214634,1,615,183,432
214634,2,615,183,432
214643,1,587,364,223
214643,2,560,359,201
214643,4,27,5,22
214652,1,1184,565,619
214652,2,1184,565,619
214670,1,1058,532,526
214670,2,1015,528,487
214670,4,43,4,39
214689,1,3940,2186,1754
214689,2,3938,2184,1754
214689,4,2,2,0
214698,1,803,475,328
214698,2,803,475,328
214704,1,3243,1812,1431
214704,2,3189,1800,1389
214704,4,54,12,42
214713,1,5318,3006,2312
214713,2,4247,2584,1663
214713,4,1071,422,649
214731,1,1648,920,728
214731,2,1648,920,728
214740,1,700,385,315
214740,2,700,385,315
214759,1,783,334,449
214759,2,783,334,449
214768,1,960,526,434
214768,2,960,526,434
214777,1,50281,27209,23072
214777,2,43073,23258,19815
214777,4,7208,3951,3257
214786,1,656,379,277
214786,2,656,379,277
214795,1,995,441,554
214795,2,994,441,553
214795,4,1,0,1
214801,1,4716,2155,2561
214801,2,4705,2152,2553
214801,4,11,3,8
214810,1,883,353,530
214810,2,883,353,530
214829,1,1298,685,613
214829,2,1234,681,553
214829,4,64,4,60
214883,1,2335,658,1677
214883,2,2242,633,1609
214883,4,93,25,68
214892,1,368,143,225
214892,2,368,143,225
214944,1,681,603,78
214944,2,681,603,78
214962,1,61,4,57
214962,2,61,4,57
214971,1,303,115,188
214971,2,198,71,127
214971,4,105,44,61
215008,1,112,112,0
215008,2,112,112,0
215044,1,343,108,235
215044,2,343,108,235
215053,1,227,75,152
215053,2,227,75,152
215062,1,28912,13067,15845
215062,2,13341,6305,7036
215062,4,15571,6762,8809
215099,1,4379,1479,2900
215099,2,3098,1026,2072
215099,4,1281,453,828
215105,1,2033,804,1229
215105,2,1759,711,1048
215105,4,274,93,181
215114,1,1428,660,768
215114,2,1069,492,577
215114,4,359,168,191
215123,1,2966,1279,1687
215123,4,2966,1279,1687
215132,1,3003,1153,1850
215132,2,1572,629,943
215132,4,1431,524,907
215239,1,26846,10148,16698
215239,2,26846,10148,16698
215266,1,1607,730,877
215266,2,1607,730,877
215275,1,1637,793,844
215275,2,1637,793,844
215284,1,2931,1605,1326
215284,2,2931,1605,1326
215293,1,32017,15298,16719
215293,2,20635,10241,10394
215293,4,11382,5057,6325
215309,1,378,130,248
215309,2,378,130,248
215336,1,65,7,58
215336,2,65,7,58
215381,1,1101,1043,58
215381,2,1101,1043,58
215390,1,321,164,157
215390,2,321,164,157
215415,1,2858,1597,1261
215415,2,2858,1597,1261
215424,1,252,160,92
215424,4,252,160,92
215442,1,4716,2011,2705
215442,2,3748,1612,2136
215442,4,968,399,569
215479,1,96,11,85
215479,2,96,11,85
215530,1,68,1,67
215530,2,68,1,67
215585,1,5882,2277,3605
215585,2,5882,2277,3605
215594,1,657,149,508
215594,2,657,149,508
215619,1,45,16,29
215619,4,45,16,29
215628,1,116,103,13
215628,4,116,103,13
215637,1,414,205,209
215637,2,414,205,209
215646,1,613,312,301
215646,2,613,312,301
215655,1,6110,3313,2797
215655,2,4960,2790,2170
215655,4,1150,523,627
215682,1,685,643,42
215682,2,685,643,42
215691,1,1419,429,990
215691,2,876,319,557
215691,4,543,110,433
215743,1,3730,1381,2349
215743,2,2725,1068,1657
215743,4,1005,313,692
215770,1,10505,4339,6166
215770,2,5757,2592,3165
215770,4,4748,1747,3001
215798,1,1897,990,907
215798,2,1686,896,790
215798,4,211,94,117
215813,1,51,50,1
215813,4,51,50,1
215886,1,76,39,37
215886,2,76,39,37
215929,1,6302,2669,3633
215929,2,4068,1747,2321
215929,4,2234,922,1312
215947,1,3619,1312,2307
215947,2,3104,1158,1946
215947,4,515,154,361
215974,1,280,59,221
215974,2,280,59,221
215983,1,45,7,38
215983,2,45,7,38
215992,1,289,95,194
215992,2,289,95,194
216010,1,7918,3852,4066
216010,2,6402,3236,3166
216010,4,1516,616,900
216038,1,10313,4078,6235
216038,2,8601,3713,4888
216038,4,1712,365,1347
216047,1,243,200,43
216047,2,79,65,14
216047,4,164,135,29
216074,1,143,4,139
216074,2,143,4,139
216083,1,697,286,411
216083,2,697,286,411
216162,1,248,26,222
216162,2,248,26,222
216223,1,79,6,73
216223,2,79,6,73
216278,1,2413,1082,1331
216278,2,2413,1082,1331
216287,1,1606,797,809
216287,2,1606,797,809
216296,1,1160,1077,83
216296,2,1160,1077,83
216311,1,118,118,0
216311,2,118,118,0
216339,1,42126,20214,21912
216339,2,31311,15356,15955
216339,4,10815,4858,5957
216348,1,32,24,8
216348,4,32,24,8
216357,1,970,525,445
216357,2,970,525,445
216366,1,3866,1272,2594
216366,2,953,196,757
216366,4,2913,1076,1837
216418,1,869,389,480
216418,2,869,389,480
216427,1,92,84,8
216427,2,92,84,8
216436,1,318,300,18
216436,2,318,300,18
216445,1,297,289,8
216445,2,297,289,8
216454,1,231,221,10
216454,2,231,221,10
216463,1,266,201,65
216463,4,266,201,65
216524,1,1663,791,872
216524,2,1663,791,872
216542,1,1164,568,596
216542,2,1055,496,559
216542,4,109,72,37
216551,1,386,338,48
216551,2,386,338,48
216579,1,155,13,142
216579,2,155,13,142
216597,1,12456,5890,6566
216597,2,7871,3623,4248
216597,4,4585,2267,2318
216630,1,89,16,73
216630,2,89,16,73
216649,1,29,7,22
216649,2,29,7,22
216667,1,1403,723,680
216667,2,1403,723,680
216694,1,2093,821,1272
216694,2,1500,591,909
216694,4,593,230,363
216746,1,142,135,7
216746,2,142,135,7
216764,1,19008,7421,11587
216764,2,15787,6466,9321
216764,4,3221,955,2266
216773,1,124,17,107
216773,2,124,17,107
216782,1,336,35,301
216782,2,336,35,301
216807,1,1430,593,837
216807,2,1229,527,702
216807,4,201,66,135
216816,1,586,463,123
216816,4,586,463,123
216825,1,8943,3492,5451
216825,2,8943,3492,5451
216852,1,7305,2737,4568
216852,2,3955,1745,2210
216852,4,3350,992,2358
216931,1,7217,2569,4648
216931,2,2693,1385,1308
216931,4,4524,1184,3340
217013,1,1004,190,814
217013,2,709,135,574
217013,4,295,55,240
217040,1,61,61,0
217040,2,61,61,0
217059,1,5281,2359,2922
217059,2,5011,2258,2753
217059,4,270,101,169
217077,1,2015,807,1208
217077,2,2015,807,1208
217156,1,10097,4823,5274
217156,2,7214,3320,3894
217156,4,2883,1503,1380
217165,1,3880,2270,1610
217165,2,3519,2077,1442
217165,4,361,193,168
217235,1,10574,4314,6260
217235,2,9612,3911,5701
217235,4,962,403,559
217305,1,4122,2720,1402
217305,2,3995,2663,1332
217305,4,127,57,70
217323,1,777,740,37
217323,2,777,740,37
217350,1,32,0,32
217350,2,32,0,32
217402,1,5252,2292,2960
217402,2,4460,1962,2498
217402,4,792,330,462
217420,1,9930,3093,6837
217420,2,8445,2774,5671
217420,4,1485,319,1166
217475,1,21677,8889,12788
217475,2,21677,8889,12788
217484,1,19242,8534,10708
217484,2,15742,7129,8613
217484,4,3500,1405,2095
217493,1,2528,813,1715
217493,2,2045,657,1388
217493,4,483,156,327
217518,1,5224,2551,2673
217518,2,4923,2401,2522
217518,4,301,150,151
217536,1,3019,936,2083
217536,2,2252,646,1606
217536,4,767,290,477
217572,1,116,7,109
217572,2,116,7,109
217581,1,190,8,182
217581,2,190,8,182
217606,1,378,210,168
217606,2,365,201,164
217606,4,13,9,4
217615,1,3423,1235,2188
217615,2,3423,1235,2188
217624,1,676,304,372
217624,2,676,304,372
217633,1,3605,1223,2382
217633,2,3074,997,2077
217633,4,531,226,305
217688,1,4840,1758,3082
217688,2,3873,1459,2414
217688,4,967,299,668
217712,1,3351,1088,2263
217712,2,3351,1088,2263
217721,1,2729,1432,1297
217721,2,2729,1432,1297
217749,1,3493,1606,1887
217749,2,3036,1342,1694
217749,4,457,264,193
217776,1,2436,825,1611
217776,2,1629,685,944
217776,4,807,140,667
217794,1,161,8,153
217794,2,161,8,153
217819,1,13720,4731,8989
217819,2,11319,4254,7065
217819,4,2401,477,1924
217828,1,74,0,74
217828,2,74,0,74
217837,1,1505,492,1013
217837,2,1505,492,1013
217864,1,4007,3078,929
217864,2,2898,2596,302
217864,4,1109,482,627
217873,1,2215,825,1390
217873,2,2123,781,1342
217873,4,92,44,48
217882,1,25474,13537,11937
217882,2,19593,10526,9067
217882,4,5881,3011,2870
217891,1,174,90,84
217891,2,174,90,84
217907,1,1376,541,835
217907,2,1274,494,780
217907,4,102,47,55
217925,1,1240,679,561
217925,2,571,297,274
217925,4,669,382,287
217934,1,2033,551,1482
217934,2,1871,515,1356
217934,4,162,36,126
217961,1,3040,434,2606
217961,2,853,0,853
217961,4,2187,434,1753
217989,1,1492,580,912
217989,2,1492,580,912
217998,1,887,524,363
217998,2,652,361,291
217998,4,235,163,72
218025,1,8214,2923,5291
218025,2,8214,2923,5291
218043,1,158,15,143
218043,2,158,15,143
218061,1,4639,1370,3269
218061,2,3941,1246,2695
218061,4,698,124,574
218070,1,3250,1338,1912
218070,2,2887,1276,1611
218070,4,363,62,301
218113,1,16442,6835,9607
218113,2,16442,6835,9607
218140,1,9349,3510,5839
218140,2,9349,3510,5839
218159,1,228,5,223
218159,2,228,5,223
218195,1,179,17,162
218195,2,179,17,162
218229,1,2992,930,2062
218229,2,2892,906,1986
218229,4,100,24,76
218238,1,3527,1589,1938
218238,2,3431,1551,1880
218238,4,96,38,58
218335,1,3402,1236,2166
218335,2,403,80,323
218335,4,2999,1156,1843
218353,1,15072,6060,9012
218353,2,15072,6060,9012
218399,1,910,417,493
218399,2,910,417,493
218414,1,1115,607,508
218414,2,1115,607,508
218441,1,2811,1486,1325
218441,2,2492,1319,1173
218441,4,319,167,152
218487,1,3750,1349,2401
218487,2,3750,1349,2401
218520,1,7162,2590,4572
218520,2,7162,2590,4572
218539,1,1453,625,828
218539,2,1134,524,610
218539,4,319,101,218
218645,1,4256,1490,2766
218645,2,3710,1368,2342
218645,4,546,122,424
218654,1,2247,810,1437
218654,2,2247,810,1437
218663,1,36906,16472,20434
218663,2,25594,12100,13494
218663,4,11312,4372,6940
218672,1,2489,1022,1467
218672,2,2489,1022,1467
218681,1,1343,489,854
218681,2,1343,489,854
218690,1,1166,517,649
218690,2,1166,517,649
218706,1,1028,395,633
218706,2,1028,395,633
218724,1,11743,5245,6498
218724,2,10435,4880,5555
218724,4,1308,365,943
218733,1,3342,1540,1802
218733,2,2875,1419,1456
218733,4,467,121,346
218742,1,7186,2489,4697
218742,2,6352,2325,4027
218742,4,834,164,670
218751,1,466,252,214
218751,4,466,252,214
218821,1,814,439,375
218821,2,814,439,375
218830,1,6812,2782,4030
218830,2,6812,2782,4030
218858,1,4864,1557,3307
218858,2,4864,1557,3307
218867,1,40,2,38
218867,2,40,2,38
218885,1,7985,3854,4131
218885,2,7985,3854,4131
218894,1,20607,8206,12401
218894,2,20607,8206,12401
218919,1,467,203,264
218919,2,467,203,264
218955,1,926,353,573
218955,2,926,353,573
218964,1,7005,2175,4830
218964,2,5640,1833,3807
218964,4,1365,342,1023
218973,1,1702,835,867
218973,2,1702,835,867
218991,1,6531,2618,3913
218991,2,6531,2618,3913
219000,1,2039,748,1291
219000,2,1700,682,1018
219000,4,339,66,273
219037,1,137,3,134
219037,2,137,3,134
219046,1,6255,2120,4135
219046,2,5346,1924,3422
219046,4,909,196,713
219082,1,4520,2451,2069
219082,2,3987,2089,1898
219082,4,533,362,171
219091,1,1185,487,698
219091,2,1042,435,607
219091,4,143,52,91
219125,1,129,4,125
219125,2,129,4,125
219143,1,2199,1106,1093
219143,2,2199,1106,1093
219170,1,30,7,23
219170,2,30,7,23
219189,1,1641,1036,605
219189,2,1641,1036,605
219198,1,1722,697,1025
219198,2,1483,635,848
219198,4,239,62,177
219204,1,2581,666,1915
219204,2,2581,666,1915
219213,1,682,142,540
219213,2,682,142,540
219240,1,221,141,80
219240,4,221,141,80
219259,1,4870,1888,2982
219259,2,4225,1735,2490
219259,4,645,153,492
219277,1,1900,629,1271
219277,2,1848,620,1228
219277,4,52,9,43
219295,1,927,294,633
219295,2,927,294,633
219338,1,17,4,13
219338,2,17,4,13
219347,1,3241,2472,769
219347,2,2793,2139,654
219347,4,448,333,115
219356,1,15273,6980,8293
219356,2,13235,6056,7179
219356,4,2038,924,1114
219374,1,875,260,615
219374,2,823,248,575
219374,4,52,12,40
219383,1,1778,711,1067
219383,2,1422,571,851
219383,4,356,140,216
219392,1,24,5,19
219392,2,24,5,19
219408,1,248,73,175
219408,2,248,73,175
219426,1,2850,1299,1551
219426,2,2850,1299,1551
219453,1,164,2,162
219453,2,164,2,162
219471,1,13419,4991,8428
219471,2,9386,3539,5847
219471,4,4033,1452,2581
219480,1,1374,667,707
219480,2,1374,667,707
219505,1,178,117,61
219505,2,178,117,61
219578,1,431,73,358
219578,2,379,68,311
219578,4,52,5,47
219587,1,89,1,88
219587,2,89,1,88
219596,1,384,299,85
219596,2,384,299,85
219602,1,11853,4815,7038
219602,2,10669,4495,6174
219602,4,1184,320,864
219639,1,1211,110,1101
219639,2,1211,110,1101
219709,1,7880,3004,4876
219709,2,6347,2449,3898
219709,4,1533,555,978
219718,1,7675,3079,4596
219718,2,5837,2426,3411
219718,4,1838,653,1185
219790,1,1785,806,979
219790,2,1619,741,878
219790,4,166,65,101
219806,1,2912,1112,1800
219806,2,1875,797,1078
219806,4,1037,315,722
219824,1,12233,4943,7290
219824,2,12233,4943,7290
219833,1,2324,1069,1255
219833,2,1642,743,899
219833,4,682,326,356
219842,1,574,377,197
219842,2,227,149,78
219842,4,347,228,119
219851,1,27,3,24
219851,2,27,3,24
219879,1,4531,1827,2704
219879,2,4531,1827,2704
219888,1,7065,2784,4281
219888,2,7065,2784,4281
219903,1,2524,242,2282
219903,2,2524,242,2282
219921,1,402,300,102
219921,2,402,300,102
219949,1,1927,737,1190
219949,2,1542,578,964
219949,4,385,159,226
219976,1,5565,2156,3409
219976,2,3546,1408,2138
219976,4,2019,748,1271
219994,1,1086,632,454
219994,2,1086,632,454
220002,1,300,76,224
220002,2,300,76,224
220057,1,3629,1258,2371
220057,2,3629,1258,2371
220075,1,16374,6930,9444
220075,2,12793,5635,7158
220075,4,3581,1295,2286
220118,1,577,76,501
220118,2,577,76,501
220127,1,854,408,446
220127,2,854,408,446
220163,1,86,4,82
220163,2,86,4,82
220181,1,868,303,565
220181,2,819,286,533
220181,4,49,17,32
220206,1,373,206,167
220206,2,358,191,167
220206,4,15,15,0
220215,1,2092,851,1241
220215,2,1464,628,836
220215,4,628,223,405
220251,1,312,159,153
220251,2,312,159,153
220279,1,835,497,338
220279,2,835,497,338
220312,1,298,146,152
220312,2,298,146,152
220321,1,624,363,261
220321,2,624,363,261
220394,1,349,154,195
220394,2,349,154,195
220400,1,6582,2470,4112
220400,2,6582,2470,4112
220464,1,131,50,81
220464,2,131,50,81
220473,1,1419,774,645
220473,2,991,523,468
220473,4,428,251,177
220491,1,336,20,316
220491,2,336,20,316
220516,1,3820,1309,2511
220516,2,3199,1121,2078
220516,4,621,188,433
220552,1,2397,648,1749
220552,2,1749,426,1323
220552,4,648,222,426
220598,1,1543,849,694
220598,2,1543,849,694
220604,1,1112,404,708
220604,2,1112,404,708
220613,1,5788,2466,3322
220613,2,5177,2178,2999
220613,4,611,288,323
220631,1,4492,1660,2832
220631,2,1820,527,1293
220631,4,2672,1133,1539
220640,1,827,400,427
220640,2,827,400,427
220701,1,1199,474,725
220701,2,1192,474,718
220701,4,7,0,7
220710,1,1266,579,687
220710,2,1266,579,687
220756,1,238,195,43
220756,2,238,195,43
220765,1,477,74,403
220765,2,477,74,403
220792,1,847,352,495
220792,4,847,352,495
220808,1,438,154,284
220808,2,375,136,239
220808,4,63,18,45
220853,1,1617,1039,578
220853,2,1617,1039,578
220862,1,24106,9879,14227
220862,2,19345,7908,11437
220862,4,4761,1971,2790
220871,1,324,178,146
220871,4,324,178,146
220978,1,26900,12186,14714
220978,2,23722,11007,12715
220978,4,3178,1179,1999
220996,1,224,108,116
220996,4,224,108,116
221050,1,1092,759,333
221050,2,1092,759,333
221096,1,6648,2798,3850
221096,2,6648,2798,3850
221102,1,587,319,268
221102,2,587,319,268
221148,1,2390,2306,84
221148,2,2390,2306,84
221157,1,214,8,206
221157,2,214,8,206
221184,1,14017,5759,8258
221184,2,14017,5759,8258
221236,1,574,383,191
221236,2,574,383,191
221254,1,203,29,174
221254,2,203,29,174
221281,1,569,245,324
221281,2,569,245,324
221333,1,1485,920,565
221333,2,1485,920,565
221351,1,2152,914,1238
221351,2,2130,904,1226
221351,4,22,10,12
221388,1,646,248,398
221388,2,646,248,398
221397,1,7515,2558,4957
221397,2,7515,2558,4957
221430,1,457,319,138
221430,2,457,319,138
221485,1,13414,5223,8191
221485,2,13414,5223,8191
221494,1,912,595,317
221494,2,912,595,317
221519,1,2015,974,1041
221519,2,1810,856,954
221519,4,205,118,87
221582,1,474,284,190
221582,2,474,284,190
221591,1,641,443,198
221591,2,641,443,198
221607,1,395,210,185
221607,2,395,210,185
221616,1,623,422,201
221616,2,623,422,201
221625,1,2121,867,1254
221625,2,2121,867,1254
221634,1,333,176,157
221634,2,333,176,157
221643,1,14472,6844,7628
221643,2,14472,6844,7628
221661,1,3424,1397,2027
221661,2,2884,1243,1641
221661,4,540,154,386
221670,1,530,208,322
221670,4,530,208,322
221731,1,1233,434,799
221731,2,1191,416,775
221731,4,42,18,24
221740,1,12673,5587,7086
221740,2,11060,4869,6191
221740,4,1613,718,895
221759,1,30613,15318,15295
221759,2,23677,12015,11662
221759,4,6936,3303,3633
221768,1,7817,3230,4587
221768,2,7256,3055,4201
221768,4,561,175,386
221795,1,109,90,19
221795,2,109,90,19
221829,1,344,12,332
221829,2,344,12,332
221838,1,10525,4143,6382
221838,2,8222,3367,4855
221838,4,2303,776,1527
221847,1,12027,6626,5401
221847,2,10658,5992,4666
221847,4,1369,634,735
221892,1,3475,1290,2185
221892,2,2210,920,1290
221892,4,1265,370,895
221908,1,7646,3645,4001
221908,2,7646,3645,4001
221953,1,2138,909,1229
221953,2,1883,815,1068
221953,4,255,94,161
221971,1,4613,1713,2900
221971,2,2990,1174,1816
221971,4,1623,539,1084
221999,1,13389,6133,7256
221999,2,7046,3548,3498
221999,4,6343,2585,3758
222026,1,63,1,62
222026,2,63,1,62
222053,1,10812,4317,6495
222053,2,10812,4317,6495
222062,1,7435,2921,4514
222062,2,7435,2921,4514
222099,1,446,22,424
222099,2,446,22,424
222105,1,397,379,18
222105,2,397,379,18
222178,1,5131,2051,3080
222178,2,3845,1581,2264
222178,4,1286,470,816
222567,1,8145,3586,4559
222567,2,8145,3586,4559
222576,1,13013,5014,7999
222576,2,13013,5014,7999
222628,1,2375,814,1561
222628,2,386,150,236
222628,4,1989,664,1325
222822,1,7068,2573,4495
222822,2,7068,2573,4495
222831,1,10063,4208,5855
222831,2,8132,3623,4509
222831,4,1931,585,1346
222877,1,257,160,97
222877,2,238,150,88
222877,4,19,10,9
222886,1,332,16,316
222886,2,332,16,316
222938,1,2358,1224,1134
222938,2,2358,1224,1134
222983,1,1294,615,679
222983,2,1276,609,667
222983,4,18,6,12
222992,1,65917,29504,36413
222992,2,65917,29504,36413
223001,1,180,79,101
223001,4,180,79,101
223056,1,108,6,102
223056,2,108,6,102
223083,1,694,128,566
223083,2,694,128,566
223117,1,159,128,31
223117,2,70,57,13
223117,4,89,71,18
223223,1,1628,779,849
223223,4,1628,779,849
223232,1,17861,7906,9955
223232,2,14785,6246,8539
223232,4,3076,1660,1416
223320,1,5952,2340,3612
223320,2,5952,2340,3612
223427,1,26662,12537,14125
223427,2,26662,12537,14125
223463,1,1137,322,815
223463,2,1137,322,815
223472,1,385,33,352
223472,2,385,33,352
223506,1,6348,3260,3088
223506,2,6348,3260,3088
223524,1,23681,9858,13823
223524,2,23681,9858,13823
223773,1,13668,5386,8282
223773,2,13668,5386,8282
223816,1,35434,20056,15378
223816,2,35434,20056,15378
223852,1,74,0,74
223852,2,74,0,74
223898,1,4610,1829,2781
223898,2,4610,1829,2781
223922,1,2039,1016,1023
223922,2,2039,1016,1023
224004,1,3095,1083,2012
224004,2,2017,722,1295
224004,4,1078,361,717
224013,1,42,1,41
224013,2,42,1,41
224110,1,13868,6028,7840
224110,2,13868,6028,7840
224147,1,13629,5461,8168
224147,2,10685,4422,6263
224147,4,2944,1039,1905
224156,1,473,27,446
224156,2,473,27,446
224226,1,6407,2500,3907
224226,2,3930,1602,2328
224226,4,2477,898,1579
224244,1,340,188,152
224244,2,340,188,152
224271,1,209,68,141
224271,2,209,68,141
224305,1,2573,1662,911
224305,4,2573,1662,911
224323,1,2740,1434,1306
224323,2,1474,659,815
224323,4,1266,775,491
224350,1,15165,6589,8576
224350,2,15165,6589,8576
224527,1,1424,660,764
224527,2,1300,605,695
224527,4,124,55,69
224545,1,2449,903,1546
224545,2,1796,702,1094
224545,4,653,201,452
224554,1,15587,6392,9195
224554,2,8943,3667,5276
224554,4,6644,2725,3919
224572,1,26205,10434,15771
224572,2,26205,10434,15771
224615,1,17807,6210,11597
224615,2,17807,6210,11597
224642,1,38426,17080,21346
224642,2,38426,17080,21346
224660,1,797,484,313
224660,2,797,484,313
224679,1,1516,1273,243
224679,2,1516,1273,243
224712,1,113,48,65
224712,4,113,48,65
224758,1,73,2,71
224758,2,73,2,71
224776,1,1354,653,701
224776,2,1340,647,693
224776,4,14,6,8
224828,1,124,9,115
224828,2,124,9,115
224891,1,1828,748,1080
224891,2,1828,748,1080
224961,1,3119,1234,1885
224961,2,3119,1234,1885
225070,1,6002,2468,3534
225070,2,6002,2468,3534
225201,1,1191,761,430
225201,2,1178,751,427
225201,4,13,10,3
225247,1,2380,1109,1271
225247,2,1820,840,980
225247,4,560,269,291
225308,1,10019,4449,5570
225308,2,10019,4449,5570
225371,1,6180,2490,3690
225371,2,6180,2490,3690
225399,1,3857,1366,2491
225399,2,2666,1025,1641
225399,4,1191,341,850
225414,1,10907,4265,6642
225414,2,6916,2407,4509
225414,4,3991,1858,2133
225423,1,84709,35614,49095
225423,2,84709,35614,49095
225432,1,17526,6987,10539
225432,2,16129,6369,9760
225432,4,1397,618,779
225502,1,5097,1823,3274
225502,2,3601,1246,2355
225502,4,1496,577,919
225511,1,49127,24862,24265
225511,2,39756,20118,19638
225511,4,9371,4744,4627
225520,1,5432,2162,3270
225520,2,5432,2162,3270
225548,1,1271,672,599
225548,2,1158,601,557
225548,4,113,71,42
225575,1,1185,496,689
225575,2,1114,468,646
225575,4,71,28,43
225627,1,11636,4852,6784
225627,2,8389,3421,4968
225627,4,3247,1431,1816
225779,1,60,25,35
225779,2,60,25,35
225788,1,117,52,65
225788,2,117,52,65
225876,1,865,356,509
225876,2,865,356,509
225885,1,1171,583,588
225885,2,1171,583,588
225991,1,158,82,76
225991,2,158,82,76
226019,1,7804,3283,4521
226019,2,7804,3283,4521
226091,1,21800,8238,13562
226091,2,11465,4760,6705
226091,4,10335,3478,6857
226107,1,3133,935,2198
226107,2,3133,935,2198
226116,1,2665,1137,1528
226116,2,2665,1137,1528
226125,1,238,23,215
226125,2,238,23,215
226134,1,11485,5147,6338
226134,2,11485,5147,6338
226152,1,9062,3676,5386
226152,2,7869,3189,4680
226152,4,1193,487,706
226204,1,9855,5515,4340
226204,2,9855,5515,4340
226231,1,3923,1730,2193
226231,2,3108,1519,1589
226231,4,815,211,604
226277,1,1426,1381,45
226277,2,1426,1381,45
226374,1,93,81,12
226374,2,93,81,12
226383,1,2304,804,1500
226383,2,1717,680,1037
226383,4,587,124,463
226408,1,5622,2313,3309
226408,2,5622,2313,3309
226471,1,4418,1786,2632
226471,2,3428,1244,2184
226471,4,990,542,448
226578,1,13101,4547,8554
226578,2,13101,4547,8554
226587,1,1267,719,548
226587,2,1265,719,546
226587,4,2,0,2
226675,1,378,80,298
226675,2,378,80,298
226772,1,53,2,51
226772,2,53,2,51
226806,1,10622,4509,6113
226806,2,10622,4509,6113
226833,1,7014,2944,4070
226833,2,6039,2588,3451
226833,4,975,356,619
226860,1,48,1,47
226860,2,48,1,47
226879,1,250,41,209
226879,2,250,41,209
226903,1,653,111,542
226903,2,653,111,542
226930,1,16583,6939,9644
226930,2,16583,6939,9644
227003,1,442,220,222
227003,2,442,220,222
227058,1,151,4,147
227058,2,151,4,147
227146,1,13386,5561,7825
227146,2,13386,5561,7825
227155,1,29,2,27
227155,2,29,2,27
227182,1,107195,44328,62867
227182,2,107195,44328,62867
227191,1,19013,8503,10510
227191,2,19013,8503,10510
227216,1,43103,20246,22857
227216,2,34448,16756,17692
227216,4,8655,3490,5165
227225,1,4146,1723,2423
227225,2,4146,1723,2423
227289,1,230,146,84
227289,4,230,146,84
227298,1,537,507,30
227298,2,537,507,30
227304,1,7910,3144,4766
227304,2,7910,3144,4766
227313,1,341,12,329
227313,2,341,12,329
227322,1,409,20,389
227322,2,409,20,389
227331,1,4150,1003,3147
227331,2,1625,496,1129
227331,4,2525,507,2018
227368,1,32995,14217,18778
227368,2,27811,12177,15634
227368,4,5184,2040,3144
227377,1,6011,2633,3378
227377,2,6011,2633,3378
227386,1,3448,1065,2383
227386,2,3448,1065,2383
227401,1,7093,2832,4261
227401,2,7093,2832,4261
227429,1,588,269,319
227429,2,588,269,319
227526,1,9435,3681,5754
227526,2,7650,3120,4530
227526,4,1785,561,1224
227687,1,2812,1224,1588
227687,2,2812,1224,1588
227748,1,388,361,27
227748,2,388,361,27
227757,1,7104,4037,3067
227757,2,4051,2135,1916
227757,4,3053,1902,1151
227766,1,33200,14603,18597
227766,2,33200,14603,18597
227836,1,937,269,668
227836,2,937,269,668
227845,1,5045,1955,3090
227845,2,4300,1701,2599
227845,4,745,254,491
227854,1,21335,8958,12377
227854,2,21335,8958,12377
227863,1,3989,1407,2582
227863,2,1927,804,1123
227863,4,2062,603,1459
227881,1,22518,8625,13893
227881,2,19163,7514,11649
227881,4,3355,1111,2244
227924,1,36935,15331,21604
227924,2,36935,15331,21604
227979,1,40988,18034,22954
227979,2,40988,18034,22954
228042,1,1416,570,846
228042,2,1338,547,791
228042,4,78,23,55
228088,1,43,2,41
228088,2,43,2,41
228149,1,3927,1882,2045
228149,2,2443,1121,1322
228149,4,1484,761,723
228158,1,13019,5928,7091
228158,2,13019,5928,7091
228185,1,70,55,15
228185,2,70,55,15
228194,1,1081,563,518
228194,4,1081,563,518
228200,1,608,262,346
228200,2,608,262,346
228219,1,708,170,538
228219,2,708,170,538
228246,1,12989,6707,6282
228246,2,6866,3405,3461
228246,4,6123,3302,2821
228282,1,148,13,135
228282,2,148,13,135
228316,1,7423,3106,4317
228316,2,7423,3106,4317
228325,1,2392,1167,1225
228325,2,1989,968,1021
228325,4,403,199,204
228343,1,1559,668,891
228343,2,1559,668,891
228431,1,14414,5240,9174
228431,2,12040,4539,7501
228431,4,2374,701,1673
228459,1,42316,18068,24248
228459,2,36791,15978,20813
228459,4,5525,2090,3435
228468,1,1014,420,594
228468,2,962,404,558
228468,4,52,16,36
228486,1,169,92,77
228486,2,169,92,77
228501,1,3680,1520,2160
228501,2,2626,1093,1533
228501,4,1054,427,627
228529,1,14293,5599,8694
228529,2,12194,4775,7419
228529,4,2099,824,1275
228547,1,76664,32224,44440
228547,2,76664,32224,44440
228608,1,7292,2515,4777
228608,2,7292,2515,4777
228635,1,2534,1243,1291
228635,4,2534,1243,1291
228644,1,3661,1459,2202
228644,2,1200,412,788
228644,4,2461,1047,1414
228653,1,3779,1159,2620
228653,2,979,177,802
228653,4,2800,982,1818
228699,1,5477,2075,3402
228699,2,5477,2075,3402
228705,1,11067,6239,4828
228705,2,7607,3967,3640
228705,4,3460,2272,1188
228723,1,68383,35802,32581
228723,2,51788,26574,25214
228723,4,16595,9228,7367
228769,1,54334,20490,33844
228769,2,39975,14703,25272
228769,4,14359,5787,8572
228778,1,54703,26747,27956
228778,2,42193,20256,21937
228778,4,12510,6491,6019
228787,1,27579,15573,12006
228787,2,17084,9658,7426
228787,4,10495,5915,4580
228796,1,28067,12771,15296
228796,2,23771,10886,12885
228796,4,4296,1885,2411
228802,1,10827,4312,6515
228802,2,7349,3154,4195
228802,4,3478,1158,2320
228866,1,301,160,141
228866,4,301,160,141
228875,1,10910,4435,6475
228875,2,9261,3714,5547
228875,4,1649,721,928
228884,1,952,594,358
228884,2,952,594,358
228909,1,2624,1133,1491
228909,4,2624,1133,1491
228981,1,1496,706,790
228981,2,1467,696,771
228981,4,29,10,19
229018,1,8588,3566,5022
229018,2,7119,3051,4068
229018,4,1469,515,954
229027,1,32621,16236,16385
229027,2,27364,13891,13473
229027,4,5257,2345,2912
229036,1,628,57,571
229036,2,628,57,571
229063,1,10271,4407,5864
229063,2,7720,3394,4326
229063,4,2551,1013,1538
229115,1,39532,21254,18278
229115,2,31494,17368,14126
229115,4,8038,3886,4152
229160,1,3062,1369,1693
229160,2,2293,1105,1188
229160,4,769,264,505
229179,1,18160,2271,15889
229179,2,11785,1498,10287
229179,4,6375,773,5602
229267,1,2545,1184,1361
229267,2,2298,1101,1197
229267,4,247,83,164
229300,1,5685,1900,3785
229300,2,946,147,799
229300,4,4739,1753,2986
229337,1,6834,1880,4954
229337,2,2513,362,2151
229337,4,4321,1518,2803
229355,1,15134,6235,8899
229355,2,15134,6235,8899
229416,1,2569,2479,90
229416,2,2569,2479,90
229425,1,285,8,277
229425,2,285,8,277
229504,1,6989,3082,3907
229504,2,6989,3082,3907
229522,1,222,28,194
229522,2,222,28,194
229540,1,5390,1854,3536
229540,2,5390,1854,3536
229656,1,353,9,344
229656,2,353,9,344
229780,1,7786,4016,3770
229780,2,5633,2965,2668
229780,4,2153,1051,1102
229799,1,7856,2983,4873
229799,2,7856,2983,4873
229814,1,11386,5009,6377
229814,2,8330,3689,4641
229814,4,3056,1320,1736
229832,1,4692,2245,2447
229832,2,4692,2245,2447
229841,1,10597,4700,5897
229841,2,10597,4700,5897
229887,1,1377,560,817
229887,2,1377,560,817
229957,1,82,5,77
229957,2,82,5,77
230010,1,1600,779,821
230010,2,1600,779,821
230038,1,39577,20847,18730
230038,2,35781,18575,17206
230038,4,3796,2272,1524
230047,1,3463,1429,2034
230047,2,3463,1429,2034
230056,1,264,68,196
230056,2,258,64,194
230056,4,6,4,2
230065,1,278,11,267
230065,2,278,11,267
230135,1,63,5,58
230135,2,63,5,58
230144,1,39,1,38
230144,2,39,1,38
230162,1,6024,3471,2553
230162,2,6024,3471,2553
230171,1,10945,5032,5913
230171,2,10945,5032,5913
230199,1,50,1,49
230199,2,50,1,49
230205,1,42,2,40
230205,2,42,2,40
230214,1,386,45,341
230214,2,386,45,341
230366,1,635,154,481
230366,2,635,154,481
230418,1,2986,1731,1255
230418,2,2986,1731,1255
230490,1,4372,2761,1611
230490,2,4372,2761,1611
230597,1,6020,2848,3172
230597,2,6020,2848,3172
230603,1,16174,6285,9889
230603,2,14451,5613,8838
230603,4,1723,672,1051
230621,1,329,97,232
230621,2,329,97,232
230630,1,267,137,130
230630,2,267,137,130
230676,1,2304,1423,881
230676,2,2304,1423,881
230728,1,35164,16043,19121
230728,2,29981,13942,16039
230728,4,5183,2101,3082
230737,1,43356,23872,19484
230737,2,43017,23645,19372
230737,4,339,227,112
230746,1,43197,21297,21900
230746,2,43197,21297,21900
230764,1,36949,20509,16440
230764,2,28297,15696,12601
230764,4,8652,4813,3839
230782,1,32760,15189,17571
230782,2,31790,14708,17082
230782,4,970,481,489
230807,1,3298,1477,1821
230807,2,2512,1118,1394
230807,4,786,359,427
230816,1,877,324,553
230816,2,758,284,474
230816,4,119,40,79
230834,1,3087,1290,1797
230834,2,2188,1053,1135
230834,4,899,237,662
230852,1,5832,3205,2627
230852,2,4680,2708,1972
230852,4,1152,497,655
230861,1,9497,3032,6465
230861,2,9497,3032,6465
230889,1,640,176,464
230889,2,236,77,159
230889,4,404,99,305
230898,1,950,413,537
230898,2,633,313,320
230898,4,317,100,217
230913,1,1904,602,1302
230913,2,1627,547,1080
230913,4,277,55,222
230931,1,1519,804,715
230931,2,1345,787,558
230931,4,174,17,157
230940,1,295,141,154
230940,2,295,141,154
230959,1,4749,2078,2671
230959,2,3849,1802,2047
230959,4,900,276,624
230977,1,450,247,203
230977,2,450,247,203
230995,1,4556,3458,1098
230995,2,3207,2554,653
230995,4,1349,904,445
231004,1,131,11,120
231004,2,131,11,120
231059,1,3123,1156,1967
231059,2,2094,955,1139
231059,4,1029,201,828
231068,1,466,151,315
231068,4,466,151,315
231077,1,401,182,219
231077,2,284,140,144
231077,4,117,42,75
231086,1,524,205,319
231086,2,524,205,319
231095,1,187,98,89
231095,2,187,98,89
231147,1,682,266,416
231147,4,682,266,416
231165,1,1955,1051,904
231165,2,1955,1051,904
231174,1,14832,6492,8340
231174,2,12804,5649,7155
231174,4,2028,843,1185
231280,1,105,14,91
231280,2,105,14,91
231411,1,1006,956,50
231411,2,1006,956,50
231420,1,904,430,474
231420,2,883,425,458
231420,4,21,5,16
231536,1,5834,2413,3421
231536,2,5834,2413,3421
231554,1,1245,513,732
231554,2,1223,506,717
231554,4,22,7,15
231581,1,1896,898,998
231581,2,1896,898,998
231624,1,9735,4297,5438
231624,2,6890,2993,3897
231624,4,2845,1304,1541
231651,1,9273,3565,5708
231651,2,3758,1458,2300
231651,4,5515,2107,3408
231688,1,46,4,42
231688,2,46,4,42
231697,1,6144,2969,3175
231697,2,6144,2969,3175
231712,1,5358,2295,3063
231712,2,5150,2241,2909
231712,4,208,54,154
231721,1,64,5,59
231721,2,64,5,59
231785,1,829,219,610
231785,2,829,219,610
231828,1,887,119,768
231828,2,887,119,768
231837,1,1174,222,952
231837,2,901,165,736
231837,4,273,57,216
231873,1,1806,750,1056
231873,2,1806,750,1056
231882,1,5007,2270,2737
231882,2,5007,2270,2737
231970,1,1304,519,785
231970,4,1304,519,785
232016,1,391,83,308
232016,2,391,83,308
232025,1,1158,571,587
232025,2,1050,541,509
232025,4,108,30,78
232043,1,2503,780,1723
232043,2,1482,493,989
232043,4,1021,287,734
232052,1,987,373,614
232052,2,987,373,614
232089,1,1396,764,632
232089,2,1396,764,632
232186,1,44713,20188,24525
232186,2,30789,14492,16297
232186,4,13924,5696,8228
232195,1,9520,3832,5688
232195,2,9520,3832,5688
232256,1,1112,1108,4
232256,2,1112,1108,4
232265,1,4858,1665,3193
232265,2,3877,1360,2517
232265,4,981,305,676
232308,1,1004,81,923
232308,2,674,13,661
232308,4,330,68,262
232414,1,16236,6496,9740
232414,2,16236,6496,9740
232423,1,23782,9717,14065
232423,2,21306,9001,12305
232423,4,2476,716,1760
232450,1,14135,5791,8344
232450,2,14135,5791,8344
232502,1,249,33,216
232502,2,249,33,216
232557,1,109921,45169,64752
232557,2,65425,27495,37930
232557,4,44496,17674,26822
232566,1,5947,1826,4121
232566,2,5256,1721,3535
232566,4,691,105,586
232575,1,9236,3466,5770
232575,2,9236,3466,5770
232609,1,3105,1155,1950
232609,2,2227,900,1327
232609,4,878,255,623
232618,1,214,16,198
232618,2,214,16,198
232672,1,2152,244,1908
232672,2,1621,142,1479
232672,4,531,102,429
232681,1,5226,1865,3361
232681,2,4761,1729,3032
232681,4,465,136,329
232706,1,4039,1280,2759
232706,2,2748,967,1781
232706,4,1291,313,978
232724,1,31,3,28
232724,2,31,3,28
232788,1,3671,1473,2198
232788,2,3671,1473,2198
232797,1,2169,480,1689
232797,2,2034,406,1628
232797,4,135,74,61
232867,1,6605,3341,3264
232867,2,6605,3341,3264
232885,1,576,52,524
232885,2,576,52,524
232919,1,942,859,83
232919,2,942,859,83
232937,1,5779,2023,3756
232937,2,5078,1839,3239
232937,4,701,184,517
232946,1,75858,36810,39048
232946,2,75858,36810,39048
232982,1,29109,13079,16030
232982,2,22680,10391,12289
232982,4,6429,2688,3741
233019,1,3322,1287,2035
233019,2,3322,1287,2035
233037,1,2114,697,1417
233037,2,2114,697,1417
233082,1,154,14,140
233082,2,154,14,140
233091,1,637,129,508
233091,2,637,129,508
233116,1,7595,3123,4472
233116,2,7595,3123,4472
233277,1,10513,4425,6088
233277,2,9379,4174,5205
233277,4,1134,251,883
233286,1,137,5,132
233286,2,137,5,132
233295,1,1461,667,794
233295,2,1461,667,794
233301,1,721,247,474
233301,2,702,240,462
233301,4,19,7,12
233310,1,4690,1737,2953
233310,2,4690,1737,2953
233329,1,546,103,443
233329,2,546,103,443
233338,1,2602,975,1627
233338,2,2602,975,1627
233356,1,647,46,601
233356,2,647,46,601
233374,1,5102,2199,2903
233374,2,3910,1755,2155
233374,4,1192,444,748
233408,1,341,28,313
233408,2,341,28,313
233426,1,2098,849,1249
233426,2,2098,849,1249
233480,1,25,7,18
233480,2,25,7,18
233541,1,5220,1678,3542
233541,2,2608,1010,1598
233541,4,2612,668,1944
233611,1,817,414,403
233611,2,817,414,403
233639,1,6271,2253,4018
233639,2,6271,2253,4018
233648,1,3545,1479,2066
233648,2,3545,1479,2066
233666,1,41,0,41
233666,2,41,0,41
233684,1,10079,4341,5738
233684,2,6917,3039,3878
233684,4,3162,1302,1860
233718,1,398,23,375
233718,2,394,23,371
233718,4,4,0,4
233754,1,13966,5748,8218
233754,2,13966,5748,8218
233772,1,37428,15616,21812
233772,2,37428,15616,21812
233842,1,189,70,119
233842,4,189,70,119
233897,1,3426,1126,2300
233897,2,3426,1126,2300
233903,1,3022,1176,1846
233903,2,3022,1176,1846
233921,1,34426,19775,14651
233921,2,26211,15153,11058
233921,4,8215,4622,3593
233949,1,11850,5646,6204
233949,2,11850,5646,6204
234030,1,34310,14348,19962
234030,2,26329,11268,15061
234030,4,7981,3080,4901
234076,1,27523,12551,14972
234076,2,18930,8508,10422
234076,4,8593,4043,4550
234085,1,1762,1573,189
234085,2,1762,1573,189
234119,1,70,15,55
234119,2,70,15,55
234137,1,409,271,138
234137,2,380,259,121
234137,4,29,12,17
234155,1,5073,2150,2923
234155,2,4542,1928,2614
234155,4,531,222,309
234164,1,2112,937,1175
234164,2,1626,693,933
234164,4,486,244,242
234173,1,1572,566,1006
234173,2,1572,566,1006
234191,1,188,71,117
234191,2,188,71,117
234207,1,2185,1129,1056
234207,2,1867,947,920
234207,4,318,182,136
234359,1,326,229,97
234359,2,326,229,97
234377,1,3916,1473,2443
234377,2,3916,1473,2443
234401,1,80,3,77
234401,2,80,3,77
234492,1,1654,912,742
234492,2,1654,912,742
234650,1,84,2,82
234650,2,84,2,82
234669,1,20975,9461,11514
234669,2,20975,9461,11514
234696,1,3623,1768,1855
234696,2,3623,1768,1855
234711,1,2944,1415,1529
234711,2,2944,1415,1529
234739,1,179,34,145
234739,2,179,34,145
234827,1,16547,7839,8708
234827,2,15296,7319,7977
234827,4,1251,520,731
234845,1,5310,2536,2774
234845,2,5310,2536,2774
234915,1,3176,1417,1759
234915,2,1382,649,733
234915,4,1794,768,1026
234924,1,186,11,175
234924,2,186,11,175
234933,1,15003,6711,8292
234933,2,15003,6711,8292
234951,1,6184,2238,3946
234951,2,6184,2238,3946
234979,1,8969,4265,4704
234979,2,8969,4265,4704
235024,1,734,266,468
235024,2,730,264,466
235024,4,4,2,2
235088,1,452,441,11
235088,2,452,441,11
235097,1,14349,6484,7865
235097,2,12580,5877,6703
235097,4,1769,607,1162
235103,1,13714,6642,7072
235103,2,13714,6642,7072
235149,1,14242,6487,7755
235149,2,14242,6487,7755
235158,1,242,57,185
235158,2,242,57,185
235167,1,5052,2237,2815
235167,2,4691,2121,2570
235167,4,361,116,245
235237,1,10420,4188,6232
235237,2,10420,4188,6232
235307,1,182,4,178
235307,2,182,4,178
235316,1,8289,3516,4773
235316,2,5187,2387,2800
235316,4,3102,1129,1973
235334,1,2917,1598,1319
235334,2,2917,1598,1319
235343,1,11880,6029,5851
235343,2,11880,6029,5851
235352,1,79,2,77
235352,2,79,2,77
235422,1,1429,410,1019
235422,2,947,256,691
235422,4,482,154,328
235431,1,10274,4117,6157
235431,2,10274,4117,6157
235501,1,572,307,265
235501,2,572,307,265
235547,1,1327,219,1108
235547,2,272,37,235
235547,4,1055,182,873
235583,1,291,20,271
235583,2,291,20,271
235671,1,5320,2885,2435
235671,2,5320,2885,2435
235699,1,4957,2110,2847
235699,2,4957,2110,2847
235750,1,4240,1548,2692
235750,2,4240,1548,2692
235954,1,36,2,34
235954,2,36,2,34
236018,1,143,36,107
236018,2,143,36,107
236072,1,10044,4246,5798
236072,2,10044,4246,5798
236133,1,1340,460,880
236133,2,994,329,665
236133,4,346,131,215
236188,1,10617,5237,5380
236188,2,10617,5237,5380
236212,1,1207,992,215
236212,2,1207,992,215
236230,1,3681,1362,2319
236230,2,3054,1158,1896
236230,4,627,204,423
236258,1,3281,1584,1697
236258,2,3281,1584,1697
236328,1,2822,1101,1721
236328,2,2520,1042,1478
236328,4,302,59,243
236382,1,7009,4932,2077
236382,2,7009,4932,2077
236452,1,2070,1029,1041
236452,2,1631,863,768
236452,4,439,166,273
236504,1,9750,6151,3599
236504,2,9750,6151,3599
236513,1,10231,4577,5654
236513,2,10231,4577,5654
236531,1,88,26,62
236531,2,88,26,62
236577,1,4630,1435,3195
236577,2,3467,1120,2347
236577,4,1163,315,848
236595,1,8433,3320,5113
236595,2,5187,2099,3088
236595,4,3246,1221,2025
236610,1,8951,4049,4902
236610,2,8951,4049,4902
236638,1,7993,3661,4332
236638,2,7993,3661,4332
236656,1,6997,2999,3998
236656,2,6997,2999,3998
236692,1,16883,7793,9090
236692,2,16883,7793,9090
236708,1,8222,3606,4616
236708,2,8222,3606,4616
236744,1,105,5,100
236744,2,105,5,100
236753,1,11102,4213,6889
236753,2,11102,4213,6889
236887,1,7553,4739,2814
236887,2,7553,4739,2814
236896,1,2107,965,1142
236896,2,1843,911,932
236896,4,264,54,210
236939,1,33328,16017,17311
236939,2,27313,13046,14267
236939,4,6015,2971,3044
236948,1,50374,23977,26397
236948,2,34486,16413,18073
236948,4,15888,7564,8324
236975,1,4556,1961,2595
236975,2,4556,1961,2595
237011,1,17291,7632,9659
237011,2,16084,7148,8936
237011,4,1207,484,723
237039,1,6112,2702,3410
237039,2,6112,2702,3410
237057,1,1562,653,909
237057,2,1562,653,909
237066,1,2860,1068,1792
237066,2,2427,922,1505
237066,4,433,146,287
237109,1,5917,2092,3825
237109,2,5917,2092,3825
237118,1,1286,665,621
237118,2,1149,614,535
237118,4,137,51,86
237127,1,33,0,33
237127,2,33,0,33
237136,1,311,179,132
237136,2,304,174,130
237136,4,7,5,2
237145,1,35,1,34
237145,2,35,1,34
237172,1,403,267,136
237172,2,403,267,136
237181,1,854,440,414
237181,2,826,425,401
237181,4,28,15,13
237215,1,1734,670,1064
237215,2,1734,670,1064
237242,1,127,111,16
237242,2,127,111,16
237303,1,164,54,110
237303,2,164,54,110
237312,1,3102,1721,1381
237312,2,2344,1319,1025
237312,4,758,402,356
237321,1,119,13,106
237321,2,119,13,106
237330,1,2957,1191,1766
237330,2,2456,1073,1383
237330,4,501,118,383
237358,1,918,385,533
237358,2,918,385,533
237367,1,4677,2027,2650
237367,2,4359,1927,2432
237367,4,318,100,218
237385,1,2269,1282,987
237385,2,2269,1282,987
237437,1,1297,371,926
237437,2,1297,371,926
237473,1,154,100,54
237473,2,154,100,54
237491,1,66,21,45
237491,2,66,21,45
237525,1,17613,7143,10470
237525,2,11018,4756,6262
237525,4,6595,2387,4208
237543,1,182,74,108
237543,2,182,74,108
237552,1,154,19,135
237552,2,154,19,135
237561,1,85,19,66
237561,2,85,19,66
237570,1,103,7,96
237570,2,103,7,96
237598,1,260,46,214
237598,2,260,46,214
237613,1,109,10,99
237613,2,109,10,99
237640,1,515,269,246
237640,2,463,240,223
237640,4,52,29,23
237686,1,3349,1317,2032
237686,2,3349,1317,2032
237701,1,1732,763,969
237701,2,1732,763,969
237729,1,222,74,148
237729,2,222,74,148
237783,1,1029,467,562
237783,2,776,355,421
237783,4,253,112,141
237792,1,4712,1901,2811
237792,2,4162,1757,2405
237792,4,550,144,406
237817,1,2096,780,1316
237817,2,2096,780,1316
237844,1,169,139,30
237844,2,169,139,30
237880,1,832,429,403
237880,4,832,429,403
237899,1,4040,1799,2241
237899,2,3852,1744,2108
237899,4,188,55,133
237905,1,52,7,45
237905,2,45,7,38
237905,4,7,0,7
237932,1,2558,996,1562
237932,2,2342,931,1411
237932,4,216,65,151
237950,1,1497,883,614
237950,2,1497,883,614
237969,1,1625,695,930
237969,2,1434,648,786
237969,4,191,47,144
237978,1,120,30,90
237978,2,120,30,90
237987,1,237,60,177
237987,2,237,60,177
237996,1,702,105,597
237996,2,702,105,597
238005,1,83,13,70
238005,2,83,13,70
238014,1,2924,1088,1836
238014,2,2924,1088,1836
238032,1,32188,16400,15788
238032,2,24343,13115,11228
238032,4,7845,3285,4560
238078,1,1610,679,931
238078,2,1168,529,639
238078,4,442,150,292
238096,1,56,3,53
238096,2,56,3,53
238166,1,128,5,123
238166,2,128,5,123
238175,1,200,5,195
238175,2,200,5,195
238193,1,2427,72,2355
238193,2,1681,2,1679
238193,4,746,70,676
238263,1,20084,9170,10914
238263,2,19998,9148,10850
238263,4,86,22,64
238324,1,482,44,438
238324,2,435,43,392
238324,4,47,1,46
238333,1,1467,669,798
238333,2,1467,669,798
238397,1,3095,1263,1832
238397,2,3095,1263,1832
238430,1,3638,1263,2375
238430,2,2102,719,1383
238430,4,1536,544,992
238458,1,3915,1361,2554
238458,2,3255,1156,2099
238458,4,660,205,455
238476,1,3276,1491,1785
238476,2,3087,1419,1668
238476,4,189,72,117
238573,1,179,16,163
238573,2,175,16,159
238573,4,4,0,4
238616,1,9718,3001,6717
238616,2,4543,1629,2914
238616,4,5175,1372,3803
238661,1,4237,1168,3069
238661,2,2001,608,1393
238661,4,2236,560,1676
238722,1,16326,8616,7710
238722,2,16326,8616,7710
238759,1,13115,5904,7211
238759,2,13115,5904,7211
238786,1,98,6,92
238786,2,98,6,92
238810,1,77,6,71
238810,2,77,6,71
238980,1,4601,1832,2769
238980,2,3515,1484,2031
238980,4,1086,348,738
239008,1,4927,2335,2592
239008,2,4927,2335,2592
239017,1,1583,717,866
239017,2,1583,717,866
239071,1,1342,631,711
239071,2,1118,476,642
239071,4,224,155,69
239080,1,3243,886,2357
239080,2,1842,536,1306
239080,4,1401,350,1051
239105,1,11949,5607,6342
239105,2,8488,3998,4490
239105,4,3461,1609,1852
239169,1,1240,655,585
239169,4,1240,655,585
239220,1,4649,2009,2640
239220,2,4649,2009,2640
239248,1,21780,9568,12212
239248,2,21780,9568,12212
239309,1,629,226,403
239309,2,629,226,403
239318,1,3126,2313,813
239318,2,2825,2101,724
239318,4,301,212,89
239372,1,9611,4785,4826
239372,2,9611,4785,4826
239390,1,1596,72,1524
239390,2,828,2,826
239390,4,768,70,698
239424,1,103,89,14
239424,4,103,89,14
239442,1,1644,591,1053
239442,2,1644,591,1053
239460,1,8812,3567,5245
239460,2,8812,3567,5245
239488,1,12804,4997,7807
239488,2,12804,4997,7807
239512,1,597,293,304
239512,2,597,293,304
239628,1,810,402,408
239628,2,810,402,408
239637,1,96,88,8
239637,4,96,88,8
239716,1,2291,1005,1286
239716,2,2176,953,1223
239716,4,115,52,63
239743,1,1381,408,973
239743,2,509,175,334
239743,4,872,233,639
239877,1,85,4,81
239877,2,85,4,81
239910,1,3786,1735,2051
239910,2,3786,1735,2051
239929,1,1183,299,884
239929,2,1183,299,884
240055,1,17351,7857,9494
240055,2,17351,7857,9494
240107,1,7126,1510,5616
240107,2,2170,533,1637
240107,4,4956,977,3979
240116,1,8589,3968,4621
240116,2,8589,3968,4621
240125,1,11616,5792,5824
240125,2,11616,5792,5824
240170,1,5878,2667,3211
240170,2,5878,2667,3211
240189,1,14331,7001,7330
240189,2,12637,6287,6350
240189,4,1694,714,980
240198,1,4146,1515,2631
240198,2,4146,1515,2631
240213,1,97,23,74
240213,4,97,23,74
240240,1,185,27,158
240240,2,185,27,158
240268,1,11770,4582,7188
240268,2,10944,4285,6659
240268,4,826,297,529
240277,1,8169,2681,5488
240277,2,7719,2553,5166
240277,4,450,128,322
240329,1,11775,4960,6815
240329,2,10385,4553,5832
240329,4,1390,407,983
240338,1,1479,639,840
240338,2,1264,560,704
240338,4,215,79,136
240365,1,16289,6377,9912
240365,2,14287,5882,8405
240365,4,2002,495,1507
240374,1,5270,2436,2834
240374,2,4963,2337,2626
240374,4,307,99,208
240392,1,5157,1129,4028
240392,2,4560,993,3567
240392,4,597,136,461
240417,1,11079,5603,5476
240417,2,9288,5026,4262
240417,4,1791,577,1214
240426,1,3027,1145,1882
240426,2,2862,1096,1766
240426,4,165,49,116
240444,1,45931,22650,23281
240444,2,33400,16399,17001
240444,4,12531,6251,6280
240453,1,31328,14563,16765
240453,2,25552,12268,13284
240453,4,5776,2295,3481
240462,1,10072,6232,3840
240462,2,8727,5521,3206
240462,4,1345,711,634
240471,1,6751,2621,4130
240471,2,6126,2433,3693
240471,4,625,188,437
240480,1,10347,4748,5599
240480,2,9724,4591,5133
240480,4,623,157,466
240505,1,4960,2140,2820
240505,2,4960,2140,2820
240514,1,2790,1274,1516
240514,2,2790,1274,1516
240596,1,2421,1065,1356
240596,2,2421,1065,1356
240620,1,6320,2606,3714
240620,2,6320,2606,3714
240657,1,2383,938,1445
240657,2,2383,938,1445
240666,1,6731,4043,2688
240666,2,6731,4043,2688
240693,1,5347,2806,2541
240693,2,5347,2806,2541
240709,1,51,1,50
240709,2,51,1,50
240718,1,750,713,37
240718,2,750,713,37
240727,1,14306,6913,7393
240727,2,11301,5478,5823
240727,4,3005,1435,1570
240736,1,1635,523,1112
240736,2,1635,523,1112
240745,1,3214,1431,1783
240745,2,3214,1431,1783
240754,1,4591,1966,2625
240754,2,4233,1843,2390
240754,4,358,123,235
240790,1,1348,543,805
240790,2,1348,543,805
240879,1,540,164,376
240879,2,540,164,376
240985,1,600,205,395
240985,2,600,205,395
241100,1,843,446,397
241100,2,769,423,346
241100,4,74,23,51
241128,1,1119,502,617
241128,2,1056,493,563
241128,4,63,9,54
241146,1,1338,429,909
241146,2,1338,429,909
241182,1,924,282,642
241182,2,924,282,642
241191,1,1623,591,1032
241191,2,1517,568,949
241191,4,106,23,83
241216,1,1804,1334,470
241216,2,1686,1260,426
241216,4,118,74,44
241225,1,2221,745,1476
241225,2,1722,609,1113
241225,4,499,136,363
241304,1,2059,699,1360
241304,2,1889,651,1238
241304,4,170,48,122
241331,1,2091,385,1706
241331,2,579,95,484
241331,4,1512,290,1222
241377,1,2216,912,1304
241377,2,1841,813,1028
241377,4,375,99,276
241386,1,633,158,475
241386,2,566,143,423
241386,4,67,15,52
241395,1,1162,376,786
241395,2,748,286,462
241395,4,414,90,324
241410,1,8376,3297,5079
241410,2,5954,2480,3474
241410,4,2422,817,1605
241517,1,1210,308,902
241517,2,1210,308,902
241614,1,403,225,178
241614,2,318,187,131
241614,4,85,38,47
241720,1,1625,712,913
241720,2,1625,712,913
241739,1,15943,5689,10254
241739,2,13075,4722,8353
241739,4,2868,967,1901
241766,1,486,338,148
241766,2,440,307,133
241766,4,46,31,15
241793,1,621,265,356
241793,4,621,265,356
241836,1,1716,570,1146
241836,2,1616,552,1064
241836,4,100,18,82
241906,1,451,113,338
241906,2,451,113,338
241951,1,603,211,392
241951,2,603,211,392
242042,1,750,440,310
242042,2,750,440,310
242112,1,1901,811,1090
242112,2,1901,811,1090
242121,1,778,275,503
242121,2,778,275,503
242130,1,686,217,469
242130,2,686,217,469
242149,1,689,262,427
242149,2,689,262,427
242316,1,310,119,191
242316,2,310,119,191
242413,1,608,531,77
242413,2,608,531,77
242422,1,14853,6444,8409
242422,2,14853,6444,8409
242556,1,1108,643,465
242556,2,1108,643,465
242565,1,667,450,217
242565,2,667,450,217
242583,1,795,520,275
242583,2,795,520,275
242617,1,5473,2480,2993
242617,2,4664,2230,2434
242617,4,809,250,559
242626,1,5092,2297,2795
242626,2,4765,2185,2580
242626,4,327,112,215
242635,1,5044,1984,3060
242635,2,4531,1849,2682
242635,4,513,135,378
242644,1,2454,940,1514
242644,2,2386,923,1463
242644,4,68,17,51
242653,1,10514,4315,6199
242653,2,7687,3415,4272
242653,4,2827,900,1927
242662,1,6121,2474,3647
242662,2,5655,2319,3336
242662,4,466,155,311
242680,1,2512,1041,1471
242680,2,2317,988,1329
242680,4,195,53,142
242699,1,2397,821,1576
242699,2,2267,753,1514
242699,4,130,68,62
242705,1,5056,2840,2216
242705,2,4913,2783,2130
242705,4,143,57,86
242723,1,892,393,499
242723,4,892,393,499
242750,1,178,74,104
242750,2,178,74,104
242820,1,1620,1377,243
242820,2,1620,1377,243
242945,1,373,133,240
242945,2,373,133,240
242954,1,101,21,80
242954,2,101,21,80
242972,1,7339,2340,4999
242972,2,6801,2203,4598
242972,4,538,137,401
242981,1,1819,718,1101
242981,2,1764,703,1061
242981,4,55,15,40
243072,1,2837,1095,1742
243072,2,2837,1095,1742
243081,1,826,279,547
243081,4,826,279,547
243106,1,3606,1595,2011
243106,2,3606,1595,2011
243115,1,4109,1734,2375
243115,2,4109,1734,2375
243133,1,5118,2461,2657
243133,2,5118,2461,2657
243142,1,4212,1636,2576
243142,2,4212,1636,2576
243151,1,3859,1352,2507
243151,2,3859,1352,2507
243179,1,4219,1516,2703
243179,2,4219,1516,2703
243188,1,1750,820,930
243188,2,1750,820,930
243197,1,13412,7209,6203
243197,2,12285,6590,5695
243197,4,1127,619,508
243203,1,2340,742,1598
243203,2,445,117,328
243203,4,1895,625,1270
243212,1,3719,1599,2120
243212,2,3719,1599,2120
243221,1,17455,6753,10702
243221,2,13693,5277,8416
243221,4,3762,1476,2286
243346,1,14734,5802,8932
243346,2,13204,5371,7833
243346,4,1530,431,1099
243443,1,5404,2051,3353
243443,2,4697,1848,2849
243443,4,707,203,504
243498,1,273,178,95
243498,4,273,178,95
243568,1,522,229,293
243568,2,177,45,132
243568,4,345,184,161
243577,1,5173,3989,1184
243577,2,4085,3267,818
243577,4,1088,722,366
243586,1,1715,692,1023
243586,2,1569,643,926
243586,4,146,49,97
243601,1,19715,7980,11735
243601,2,16383,6856,9527
243601,4,3332,1124,2208
243638,1,2701,1221,1480
243638,2,2701,1221,1480
243647,1,800,353,447
243647,2,800,353,447
243665,1,2797,915,1882
243665,2,2573,862,1711
243665,4,224,53,171
243744,1,20200,11779,8421
243744,2,8302,4348,3954
243744,4,11898,7431,4467
243780,1,43161,24982,18179
243780,2,31985,18582,13403
243780,4,11176,6400,4776
243799,1,57,7,50
243799,2,57,7,50
243823,1,1408,671,737
243823,2,443,141,302
243823,4,965,530,435
243832,1,2590,887,1703
243832,2,2423,798,1625
243832,4,167,89,78
243841,1,1101,309,792
243841,2,1101,309,792
244233,1,780,202,578
244233,2,780,202,578
244279,1,264,16,248
244279,2,264,16,248
244437,1,31783,12711,19072
244437,2,31783,12711,19072
244446,1,5666,2061,3605
244446,2,5666,2061,3605
244491,1,123,8,115
244491,2,123,8,115
244561,1,547,153,394
244561,2,547,153,394
244613,1,403,387,16
244613,2,403,387,16
245069,1,72,15,57
245069,2,72,15,57
245281,1,67,51,16
245281,2,67,51,16
245290,1,57,25,32
245290,2,57,25,32
245342,1,1625,964,661
245342,2,1625,964,661
245421,1,106,12,94
245421,2,106,12,94
245430,1,156,15,141
245430,2,156,15,141
245625,1,3537,1528,2009
245625,2,3537,1528,2009
245652,1,474,283,191
245652,2,358,211,147
245652,4,116,72,44
245731,1,34,34,0
245731,2,17,17,0
245731,4,17,17,0
245777,1,144,144,0
245777,2,102,102,0
245777,4,42,42,0
245838,1,1592,448,1144
245838,2,668,222,446
245838,4,924,226,698
245847,1,559,163,396
245847,2,227,81,146
245847,4,332,82,250
245865,1,936,177,759
245865,4,936,177,759
245883,1,888,166,722
245883,2,197,51,146
245883,4,691,115,576
245892,1,264,64,200
245892,2,69,18,51
245892,4,195,46,149
245953,1,2948,1116,1832
245953,2,2345,914,1431
245953,4,603,202,401
245962,1,464,99,365
245962,2,464,99,365
245980,1,70,3,67
245980,2,70,3,67
245999,1,3077,1634,1443
245999,2,3077,1634,1443
246017,1,413,289,124
246017,2,413,289,124
246035,1,386,57,329
246035,2,386,57,329
246071,1,120,8,112
246071,2,120,8,112
246202,1,714,127,587
246202,2,714,127,587
246266,1,1054,301,753
246266,2,1054,301,753
246345,1,190,84,106
246345,4,190,84,106
246354,1,17722,6956,10766
246354,2,17722,6956,10766
246406,1,62,9,53
246406,2,62,9,53
246415,1,93,8,85
246415,2,93,8,85
246460,1,127,25,102
246460,2,127,25,102
246789,1,117,75,42
246789,4,117,75,42
246813,1,5798,2050,3748
246813,2,5798,2050,3748
246895,1,965,293,672
246895,2,965,293,672
246974,1,765,76,689
246974,2,765,76,689
247010,1,59,2,57
247010,2,59,2,57
247047,1,133,6,127
247047,2,133,6,127
247065,1,1199,192,1007
247065,2,1199,192,1007
247153,1,434,171,263
247153,2,434,171,263
247162,1,124,47,77
247162,2,24,11,13
247162,4,100,36,64
247409,1,310,24,286
247409,2,310,24,286
247603,1,3934,1839,2095
247603,2,3934,1839,2095
247649,1,539,379,160
247649,2,539,379,160
247700,1,663,187,476
247700,2,663,187,476
247773,1,77,77,0
247773,2,68,68,0
247773,4,9,9,0
247825,1,59,34,25
247825,2,32,16,16
247825,4,27,18,9
247834,1,42465,18961,23504
247834,2,42465,18961,23504
247940,1,4989,2141,2848
247940,2,4989,2141,2848
248192,1,37,2,35
248192,2,37,2,35
248305,1,134,6,128
248305,2,134,6,128
248527,1,53,2,51
248527,2,53,2,51
248606,1,1463,898,565
248606,2,1463,898,565
248624,1,136,32,104
248624,2,136,32,104
248633,1,84,6,78
248633,2,84,6,78
248660,1,285,25,260
248660,2,285,25,260
248703,1,259,9,250
248703,2,259,9,250
248846,1,128,7,121
248846,2,128,7,121
248882,1,436,129,307
248882,2,436,129,307
248925,1,1333,745,588
248925,2,1333,745,588
248934,1,17942,7581,10361
248934,2,17719,7447,10272
248934,4,223,134,89
249140,1,567,127,440
249140,2,567,127,440
249238,1,499,40,459
249238,2,499,40,459
249566,1,534,489,45
249566,2,534,489,45
249609,1,279,145,134
249609,2,279,145,134
250027,1,320,99,221
250027,2,320,99,221
250072,1,223,10,213
250072,2,223,10,213
250285,1,638,597,41
250285,2,638,597,41
250601,1,592,207,385
250601,2,592,207,385
250744,1,976,82,894
250744,2,976,82,894
250902,1,96,12,84
250902,2,96,12,84
250993,1,578,294,284
250993,2,578,294,284
251075,1,372,51,321
251075,2,372,51,321
251260,1,7127,3087,4040
251260,2,7127,3087,4040
251312,1,2211,512,1699
251312,2,1578,346,1232
251312,4,633,166,467
260293,1,1279,289,990
260293,2,1118,268,850
260293,4,161,21,140
260336,1,44,3,41
260336,2,44,3,41
260354,1,114,22,92
260354,2,114,22,92
260363,1,31,1,30
260363,2,31,1,30
260372,1,649,259,390
260372,2,649,259,390
260664,1,511,439,72
260664,2,511,439,72
260691,1,1745,412,1333
260691,2,1745,412,1333
260789,1,1031,258,773
260789,2,1031,258,773
260813,1,294,40,254
260813,2,294,40,254
260901,1,67107,18155,48952
260901,2,53104,14781,38323
260901,4,14003,3374,10629
260910,1,528,94,434
260910,2,467,82,385
260910,4,61,12,49
260929,1,240,21,219
260929,2,240,21,219
260947,1,52,30,22
260947,2,52,30,22
260956,1,231,129,102
260956,4,231,129,102
260965,1,103,5,98
260965,2,103,5,98
260992,1,1327,162,1165
260992,2,1327,162,1165
261436,1,1277,54,1223
261436,2,1277,54,1223
261676,1,181,13,168
261676,2,181,13,168
261685,1,190,17,173
261685,2,190,17,173
261719,1,404,17,387
261719,2,404,17,387
261773,1,16,3,13
261773,2,16,3,13
261861,1,158,6,152
261861,2,158,6,152
262022,1,202,106,96
262022,4,202,106,96
262031,1,9698,4228,5470
262031,2,9698,4228,5470
262086,1,12014,4394,7620
262086,2,5596,2232,3364
262086,4,6418,2162,4256
262129,1,884,340,544
262129,2,884,340,544
262165,1,129,91,38
262165,2,129,91,38
262332,1,1683,763,920
262332,2,1683,763,920
262341,1,1003,895,108
262341,2,1003,895,108
262369,1,172,4,168
262369,2,172,4,168
262402,1,324,317,7
262402,2,324,317,7
262466,1,139,70,69
262466,2,139,70,69
262509,1,628,126,502
262509,2,628,126,502
362700,1,586,91,495
362700,2,586,91,495
362782,1,280,5,275
362782,2,280,5,275
363013,1,118,8,110
363013,2,118,8,110
363077,1,274,58,216
363077,2,274,58,216
363147,1,185,8,177
363147,2,185,8,177
363165,1,1327,694,633
363165,2,1327,694,633
363439,1,433,82,351
363439,2,433,82,351
363590,1,482,60,422
363590,2,482,60,422
363633,1,2200,1031,1169
363633,2,2200,1031,1169
363679,1,233,16,217
363679,2,233,16,217
363712,1,32,32,0
363712,2,32,32,0
363721,1,352,138,214
363721,4,352,138,214
363882,1,86,2,84
363882,2,86,2,84
363907,1,1373,611,762
363907,2,1018,530,488
363907,4,355,81,274
363916,1,544,182,362
363916,2,490,177,313
363916,4,54,5,49
363934,1,857,721,136
363934,2,819,691,128
363934,4,38,30,8
364016,1,12516,5567,6949
364016,2,12516,5567,6949
364025,1,19040,9093,9947
364025,2,19040,9093,9947
364122,1,6,0,6
364122,2,6,0,6
364168,1,470,364,106
364168,2,470,364,106
364335,1,407,48,359
364335,2,407,48,359
364548,1,338,207,131
364548,2,338,207,131
364575,1,42,2,40
364575,2,42,2,40
364627,1,458,221,237
364627,2,458,221,237
364636,1,140,50,90
364636,2,140,50,90
364751,1,158,7,151
364751,2,158,7,151
364760,1,95,6,89
364760,2,95,6,89
364946,1,467,194,273
364946,2,467,194,273
364955,1,961,166,795
364955,2,961,166,795
364964,1,185,81,104
364964,2,185,81,104
364973,1,697,378,319
364973,2,697,378,319
365055,1,578,230,348
365055,2,578,230,348
365091,1,515,32,483
365091,2,515,32,483
365125,1,220,8,212
365125,2,220,8,212
365198,1,812,406,406
365198,2,812,406,406
365204,1,7990,2596,5394
365204,2,7990,2596,5394
365213,1,554,266,288
365213,2,554,266,288
365240,1,47,46,1
365240,2,47,46,1
365374,1,1542,815,727
365374,2,1542,815,727
365383,1,182,11,171
365383,2,182,11,171
365426,1,291,132,159
365426,4,291,132,159
365480,1,830,421,409
365480,2,830,421,409
365505,1,72,14,58
365505,2,72,14,58
365693,1,206,15,191
365693,2,206,15,191
365763,1,73,26,47
365763,2,73,26,47
365824,1,300,12,288
365824,2,300,12,288
365833,1,431,32,399
365833,2,431,32,399
366003,1,294,158,136
366003,2,214,122,92
366003,4,80,36,44
366155,1,30,20,10
366155,2,30,20,10
366191,1,1744,1701,43
366191,2,1744,1701,43
366252,1,6161,3837,2324
366252,2,6161,3837,2324
366261,1,342,122,220
366261,2,342,122,220
366270,1,637,44,593
366270,2,637,44,593
366289,1,270,138,132
366289,2,270,138,132
366340,1,1244,511,733
366340,2,1244,511,733
366368,1,120,44,76
366368,4,120,44,76
366395,1,33443,15543,17900
366395,2,33443,15543,17900
366401,1,12629,6123,6506
366401,2,12629,6123,6506
366438,1,110,2,108
366438,2,110,2,108
366465,1,3196,1049,2147
366465,2,3196,1049,2147
366535,1,562,119,443
366535,2,562,119,443
366553,1,1903,403,1500
366553,2,1903,403,1500
366571,1,23,4,19
366571,2,23,4,19
366605,1,87,25,62
366605,4,87,25,62
366623,1,103,46,57
366623,2,103,46,57
366632,1,28,2,26
366632,2,28,2,26
366711,1,13297,5242,8055
366711,2,12644,5040,7604
366711,4,653,202,451
366748,1,1392,546,846
366748,2,703,285,418
366748,4,689,261,428
366793,1,81,36,45
366793,4,81,36,45
366960,1,715,98,617
366960,2,715,98,617
367024,1,1273,302,971
367024,2,1123,252,871
367024,4,150,50,100
367051,1,121,3,118
367051,2,121,3,118
367088,1,98,4,94
367088,2,98,4,94
367097,1,166,15,151
367097,2,166,15,151
367103,1,89,35,54
367103,2,89,35,54
367112,1,1165,235,930
367112,2,1165,235,930
367158,1,150,11,139
367158,2,150,11,139
367194,1,484,346,138
367194,2,465,329,136
367194,4,19,17,2
367334,1,459,430,29
367334,2,459,430,29
367361,1,94,36,58
367361,2,94,36,58
367398,1,518,74,444
367398,2,518,74,444
367431,1,56,3,53
367431,2,56,3,53
367459,1,11172,4833,6339
367459,2,11172,4833,6339
367839,1,191,81,110
367839,2,144,57,87
367839,4,47,24,23
367875,1,249,87,162
367875,2,249,87,162
367884,1,2413,890,1523
367884,2,2068,773,1295
367884,4,345,117,228
367909,1,274,55,219
367909,2,274,55,219
367936,1,2184,542,1642
367936,2,737,187,550
367936,4,1447,355,1092
367954,1,2877,1098,1779
367954,4,2877,1098,1779
367972,1,208,10,198
367972,2,208,10,198
367981,1,147,4,143
367981,2,147,4,143
368036,1,45,4,41
368036,2,45,4,41
368230,1,239,22,217
368230,2,239,22,217
368364,1,361,198,163
368364,2,361,198,163
368407,1,110,8,102
368407,2,110,8,102
368443,1,1255,354,901
368443,2,1255,354,901
368452,1,341,149,192
368452,2,341,149,192
368540,1,41,2,39
368540,2,41,2,39
368629,1,1155,206,949
368629,2,1155,206,949
368647,1,43,3,40
368647,2,43,3,40
368771,1,236,73,163
368771,2,236,73,163
368780,1,553,174,379
368780,2,553,174,379
368832,1,64,15,49
368832,2,64,15,49
368911,1,2430,701,1729
368911,2,2430,701,1729
369002,1,405,195,210
369002,4,405,195,210
369109,1,83,7,76
369109,2,83,7,76
369400,1,3923,3790,133
369400,2,3923,3790,133
369419,1,2512,1803,709
369419,2,2512,1803,709
369446,1,73,3,70
369446,2,73,3,70
369455,1,131,47,84
369455,2,131,47,84
369516,1,489,152,337
369516,2,489,152,337
369659,1,307,79,228
369659,4,307,79,228
369668,1,318,139,179
369668,2,318,139,179
369686,1,271,24,247
369686,2,271,24,247
369695,1,126,19,107
369695,2,126,19,107
369783,1,711,50,661
369783,2,711,50,661
369862,1,812,170,642
369862,2,812,170,642
369905,1,592,87,505
369905,2,592,87,505
369950,1,336,306,30
369950,2,336,306,30
371034,1,23,13,10
371034,2,23,13,10
371052,1,684,123,561
371052,2,684,123,561
371690,1,1448,212,1236
371690,2,1448,212,1236
371830,1,114,74,40
371830,2,114,74,40
371928,1,174,64,110
371928,2,174,64,110
371964,1,419,186,233
371964,2,419,186,233
372000,1,94,16,78
372000,2,94,16,78
372028,1,218,29,189
372028,2,218,29,189
372073,1,488,172,316
372073,2,488,172,316
372082,1,274,89,185
372082,2,274,89,185
372240,1,38,1,37
372240,2,38,1,37
372329,1,3250,450,2800
372329,2,3250,450,2800
372356,1,99,3,96
372356,2,99,3,96
372462,1,226,14,212
372462,2,226,14,212
372718,1,402,58,344
372718,2,402,58,344
372772,1,462,102,360
372772,2,462,102,360
372921,1,1148,464,684
372921,2,1148,464,684
372958,1,550,180,370
372958,2,550,180,370
373058,1,232,88,144
373058,2,232,88,144
373085,1,381,97,284
373085,2,381,97,284
373216,1,67,3,64
373216,2,67,3,64
373456,1,22,3,19
373456,2,22,3,19
373526,1,651,560,91
373526,2,651,560,91
373678,1,257,129,128
373678,2,257,129,128
373696,1,239,102,137
373696,2,239,102,137
373711,1,94,10,84
373711,2,94,10,84
373784,1,1191,779,412
373784,2,1191,779,412
374024,1,445,106,339
374024,4,445,106,339
374316,1,101,56,45
374316,2,101,56,45
374343,1,94,0,94
374343,2,94,0,94
374440,1,19,1,18
374440,2,19,1,18
374574,1,762,114,648
374574,2,762,114,648
374592,1,95,8,87
374592,2,95,8,87
374875,1,1437,307,1130
374875,2,1437,307,1130
374927,1,98,0,98
374927,2,98,0,98
374972,1,940,299,641
374972,2,940,299,641
374990,1,99,10,89
374990,2,99,10,89
375106,1,192,174,18
375106,2,192,174,18
375230,1,109,109,0
375230,2,109,109,0
375300,1,249,10,239
375300,2,249,10,239
375319,1,106,4,102
375319,2,106,4,102
375373,1,316,69,247
375373,2,316,69,247
375407,1,151,42,109
375407,2,151,42,109
375416,1,737,163,574
375416,2,737,163,574
375489,1,572,72,500
375489,2,572,72,500
375540,1,123,1,122
375540,2,123,1,122
375568,1,78,18,60
375568,2,78,18,60
375647,1,80,9,71
375647,2,80,9,71
375656,1,193,65,128
375656,2,193,65,128
375683,1,1007,496,511
375683,2,1007,496,511
375692,1,195,107,88
375692,2,195,107,88
375708,1,129,39,90
375708,2,129,39,90
375717,1,114,46,68
375717,2,114,46,68
375726,1,815,421,394
375726,2,815,421,394
375735,1,279,118,161
375735,2,279,118,161
375744,1,522,322,200
375744,2,522,322,200
375753,1,29,28,1
375753,2,29,28,1
375762,1,114,42,72
375762,2,114,42,72
375841,1,395,209,186
375841,2,395,209,186
375939,1,391,94,297
375939,2,391,94,297
375966,1,161,24,137
375966,2,161,24,137
375984,1,523,45,478
375984,2,523,45,478
376224,1,977,264,713
376224,2,977,264,713
376242,1,470,299,171
376242,2,470,299,171
376288,1,96,32,64
376288,2,96,32,64
376321,1,3196,891,2305
376321,2,3196,891,2305
376330,1,536,99,437
376330,2,536,99,437
376385,1,1389,513,876
376385,2,1389,513,876
376446,1,148,10,138
376446,2,148,10,138
376631,1,58,6,52
376631,2,58,6,52
376677,1,165,66,99
376677,2,165,66,99
376695,1,1319,668,651
376695,2,1319,668,651
377111,1,601,181,420
377111,2,601,181,420
377193,1,67,3,64
377193,2,67,3,64
377218,1,251,251,0
377218,2,251,251,0
377272,1,52,5,47
377272,2,52,5,47
377281,1,79,5,74
377281,2,79,5,74
377315,1,114,1,113
377315,2,114,1,113
377342,1,768,136,632
377342,2,768,136,632
377449,1,457,106,351
377449,2,457,106,351
377458,1,472,27,445
377458,2,472,27,445
377485,1,61,1,60
377485,2,61,1,60
377546,1,119,30,89
377546,2,119,30,89
377555,1,6403,3119,3284
377555,2,5748,2836,2912
377555,4,655,283,372
377564,1,5666,2615,3051
377564,2,4818,2301,2517
377564,4,848,314,534
377652,1,582,164,418
377652,2,582,164,418
377661,1,286,81,205
377661,2,286,81,205
377670,1,242,59,183
377670,2,242,59,183
377722,1,579,43,536
377722,2,579,43,536
377759,1,52,40,12
377759,2,52,40,12
378105,1,302,33,269
378105,2,302,33,269
378576,1,1016,264,752
378576,2,207,61,146
378576,4,809,203,606
378886,1,284,100,184
378886,2,284,100,184
378956,1,992,946,46
378956,2,992,946,46
379621,1,76,9,67
379621,2,76,9,67
379746,1,122,6,116
379746,2,122,6,116
379782,1,362,42,320
379782,2,362,42,320
380067,1,183,3,180
380067,2,183,3,180
380094,1,105,21,84
380094,2,105,21,84
380359,1,635,200,435
380359,2,635,200,435
380368,1,2682,1156,1526
380368,2,2682,1156,1526
380377,1,907,282,625
380377,2,907,282,625
380438,1,641,170,471
380438,2,641,170,471
380456,1,138,4,134
380456,2,138,4,134
380465,1,1073,582,491
380465,2,581,375,206
380465,4,492,207,285
380474,1,493,116,377
380474,2,493,116,377
381255,1,188,135,53
381255,2,188,135,53
381282,1,269,144,125
381282,2,269,144,125
381325,1,236,69,167
381325,2,236,69,167
381352,1,145,39,106
381352,4,145,39,106
381361,1,90,20,70
381361,2,90,20,70
381370,1,374,13,361
381370,2,374,13,361
381404,1,469,25,444
381404,2,469,25,444
381459,1,289,201,88
381459,4,289,201,88
381486,1,18,0,18
381486,2,18,0,18
381529,1,410,113,297
381529,2,410,113,297
381699,1,41,4,37
381699,2,41,4,37
381732,1,281,38,243
381732,2,281,38,243
381866,1,90,16,74
381866,2,90,16,74
381945,1,575,195,380
381945,2,575,195,380
382063,1,547,318,229
382063,2,215,139,76
382063,4,332,179,153
382258,1,172,39,133
382258,2,172,39,133
382267,1,146,43,103
382267,2,146,43,103
382276,1,405,117,288
382276,2,405,117,288
382416,1,83,19,64
382416,2,83,19,64
382461,1,70,0,70
382461,2,70,0,70
382504,1,459,120,339
382504,2,459,120,339
382771,1,935,300,635
382771,2,935,300,635
382780,1,268,10,258
382780,2,268,10,258
382896,1,726,119,607
382896,2,726,119,607
382902,1,97,3,94
382902,2,97,3,94
382911,1,140,70,70
382911,2,140,70,70
382957,1,689,240,449
382957,2,689,240,449
383020,1,94,15,79
383020,2,27,2,25
383020,4,67,13,54
383084,1,5722,2579,3143
383084,2,5722,2579,3143
383163,1,489,22,467
383163,2,489,22,467
383172,1,50,10,40
383172,2,50,10,40
383190,1,3958,1561,2397
383190,2,3958,1561,2397
383279,1,248,84,164
383279,2,248,84,164
383297,1,336,13,323
383297,2,336,13,323
383312,1,86,31,55
383312,2,86,31,55
383330,1,109,33,76
383330,2,109,33,76
383367,1,312,66,246
383367,2,312,66,246
383464,1,162,19,143
383464,2,162,19,143
383525,1,151,26,125
383525,2,151,26,125
383765,1,220,7,213
383765,2,220,7,213
383792,1,252,3,249
383792,2,252,3,249
383899,1,1366,317,1049
383899,2,1366,317,1049
383950,1,341,29,312
383950,2,341,29,312
383996,1,992,428,564
383996,2,992,428,564
384236,1,568,260,308
384236,2,568,260,308
384245,1,1012,337,675
384245,2,1012,337,675
384254,1,303,182,121
384254,2,303,182,121
384306,1,131,27,104
384306,4,131,27,104
384333,1,12571,5172,7399
384333,2,12571,5172,7399
384342,1,8981,4255,4726
384342,2,8981,4255,4726
384412,1,219,124,95
384412,2,202,119,83
384412,4,17,5,12
384421,1,102,102,0
384421,2,102,102,0
385008,1,280,41,239
385008,2,280,41,239
385132,1,157,9,148
385132,2,157,9,148
385503,1,495,32,463
385503,2,495,32,463
385549,1,159,27,132
385549,2,159,27,132
385619,1,2399,1160,1239
385619,2,2058,1001,1057
385619,4,341,159,182
386153,1,337,0,337
386153,2,337,0,337
386472,1,780,167,613
386472,2,780,167,613
387660,1,5,5,0
387660,2,5,5,0
387819,1,72,10,62
387819,2,72,10,62
387925,1,369,59,310
387925,2,369,59,310
388043,1,959,151,808
388043,2,959,151,808
388520,1,612,316,296
388520,2,612,316,296
388663,1,217,6,211
388663,2,217,6,211
389727,1,668,107,561
389727,2,668,107,561
389860,1,241,140,101
389860,2,241,140,101
390701,1,12646,3030,9616
390701,2,12378,2952,9426
390701,4,268,78,190
390905,1,276,124,152
390905,2,276,124,152
391005,1,450,21,429
391005,2,450,21,429
391546,1,272,33,239
391546,2,272,33,239
391564,1,218,34,184
391564,2,218,34,184
391759,1,53,6,47
391759,2,53,6,47
392257,1,2034,209,1825
392257,2,2034,209,1825
392354,1,27,13,14
392354,2,27,13,14
392415,1,414,110,304
392415,2,414,110,304
392798,1,64,2,62
392798,2,64,2,62
392840,1,295,124,171
392840,2,295,124,171
393180,1,106,54,52
393180,2,106,54,52
393524,1,143,12,131
393524,2,143,12,131
393649,1,1284,538,746
393649,2,1284,538,746
393861,1,1039,210,829
393861,2,1039,210,829
393977,1,62,0,62
393977,2,62,0,62
395195,1,82,10,72
395195,2,82,10,72
395362,1,2254,838,1416
395362,2,2254,838,1416
395690,1,1187,545,642
395690,2,1187,545,642
397270,1,301,188,113
397270,2,231,150,81
397270,4,70,38,32
397942,1,1541,409,1132
397942,2,1541,409,1132
398130,1,441,316,125
398130,2,441,316,125
399212,1,16866,9973,6893
399212,2,16866,9973,6893
399869,1,876,842,34
399869,2,876,842,34
399911,1,446,170,276
399911,2,434,165,269
399911,4,12,5,7
400080,1,957,516,441
400080,2,957,516,441
400187,1,795,130,665
400187,2,795,130,665
401223,1,387,159,228
401223,2,163,55,108
401223,4,224,104,120
401250,1,253,69,184
401250,4,253,69,184
401481,1,68,3,65
401481,2,68,3,65
401764,1,318,18,300
401764,2,318,18,300
402563,1,364,23,341
402563,2,364,23,341
402776,1,156,71,85
402776,2,155,70,85
402776,4,1,1,0
402800,1,235,18,217
402800,2,235,18,217
403414,1,55,2,53
403414,2,55,2,53
403469,1,7651,3301,4350
403469,2,7651,3301,4350
403478,1,1544,633,911
403478,2,1544,633,911
403487,1,17473,13616,3857
403487,2,17473,13616,3857
404037,1,28,0,28
404037,2,28,0,28
404055,1,656,145,511
404055,2,656,145,511
404222,1,234,74,160
404222,4,234,74,160
404338,1,282,206,76
404338,2,68,26,42
404338,4,214,180,34
404365,1,555,287,268
404365,2,555,287,268
404374,1,392,207,185
404374,2,392,207,185
404383,1,661,504,157
404383,2,661,504,157
404426,1,5480,2542,2938
404426,2,5480,2542,2938
404499,1,355,49,306
404499,2,355,49,306
404505,1,217,13,204
404505,2,217,13,204
404514,1,257,23,234
404514,2,257,23,234
404684,1,601,255,346
404684,2,601,255,346
404718,1,41,1,40
404718,2,41,1,40
404806,1,474,144,330
404806,2,474,144,330
404912,1,1332,206,1126
404912,2,1332,206,1126
404994,1,7350,2907,4443
404994,2,7350,2907,4443
405012,1,181,5,176
405012,2,181,5,176
405021,1,102,2,100
405021,2,102,2,100
405058,1,155,155,0
405058,2,155,155,0
405076,1,829,172,657
405076,2,829,172,657
405748,1,124,66,58
405748,2,124,66,58
405854,1,194,194,0
405854,2,194,194,0
405872,1,4780,1850,2930
405872,2,4780,1850,2930
405997,1,1112,454,658
405997,2,910,395,515
405997,4,202,59,143
406024,1,1462,214,1248
406024,2,1462,214,1248
406033,1,2020,326,1694
406033,2,2020,326,1694
406149,1,158,53,105
406149,2,158,53,105
406325,1,176,15,161
406325,2,176,15,161
406361,1,22,6,16
406361,2,22,6,16
406413,1,81,11,70
406413,2,81,11,70
406422,1,150,9,141
406422,2,150,9,141
406486,1,111,23,88
406486,2,111,23,88
406495,1,172,9,163
406495,2,172,9,163
406547,1,695,150,545
406547,2,695,150,545
407009,1,4172,1605,2567
407009,2,3613,1446,2167
407009,4,559,159,400
407054,1,254,75,179
407054,2,254,75,179
407090,1,475,7,468
407090,2,475,7,468
407142,1,141,4,137
407142,2,141,4,137
407151,1,147,2,145
407151,2,147,2,145
407179,1,224,11,213
407179,2,224,11,213
407285,1,108,27,81
407285,2,108,27,81
407328,1,187,35,152
407328,2,187,35,152
407355,1,322,13,309
407355,2,322,13,309
407391,1,225,36,189
407391,2,225,36,189
407407,1,219,35,184
407407,2,219,35,184
407425,1,204,29,175
407425,2,204,29,175
407434,1,113,7,106
407434,2,113,7,106
407452,1,117,71,46
407452,2,117,71,46
407461,1,219,169,50
407461,2,219,169,50
407470,1,249,9,240
407470,2,249,9,240
407489,1,171,117,54
407489,2,171,117,54
407513,1,444,169,275
407513,2,444,169,275
407522,1,27,7,20
407522,2,27,7,20
407568,1,158,11,147
407568,2,158,11,147
407577,1,264,98,166
407577,2,264,98,166
407595,1,116,59,57
407595,2,116,59,57
407601,1,103,54,49
407601,2,103,54,49
407610,1,51,24,27
407610,2,51,24,27
407629,1,4162,2239,1923
407629,4,4162,2239,1923
407683,1,364,10,354
407683,2,364,10,354
407708,1,346,18,328
407708,2,346,18,328
407735,1,97,11,86
407735,2,97,11,86
407832,1,466,270,196
407832,2,466,270,196
408039,1,510,105,405
408039,2,510,105,405
408066,1,179,7,172
408066,2,179,7,172
408163,1,95,2,93
408163,2,95,2,93
408312,1,185,12,173
408312,2,185,12,173
408385,1,1099,353,746
408385,2,1099,353,746
408729,1,179,36,143
408729,2,179,36,143
408844,1,5957,1777,4180
408844,2,5901,1757,4144
408844,4,56,20,36
408862,1,453,19,434
408862,2,453,19,434
409032,1,618,38,580
409032,2,618,38,580
409120,1,171,58,113
409120,2,171,58,113
409193,1,618,612,6
409193,2,618,612,6
409254,1,301,14,287
409254,4,301,14,287
409315,1,45362,20016,25346
409315,2,45362,20016,25346
409537,1,92,33,59
409537,2,92,33,59
409591,1,179,73,106
409591,2,179,73,106
409616,1,381,186,195
409616,4,381,186,195
409698,1,7808,2918,4890
409698,2,7308,2763,4545
409698,4,500,155,345
410070,1,897,138,759
410070,2,897,138,759
410283,1,936,245,691
410283,2,936,245,691
410496,1,768,190,578
410496,2,768,190,578
410502,1,1650,870,780
410502,2,1650,870,780
410520,1,544,33,511
410520,2,544,33,511
410788,1,336,150,186
410788,2,336,150,186
410797,1,313,202,111
410797,2,313,202,111
410964,1,49,0,49
410964,2,49,0,49
411684,1,159,40,119
411684,2,159,40,119
411754,1,47,14,33
411754,2,47,14,33
412003,1,40,8,32
412003,2,40,8,32
412173,1,611,43,568
412173,2,611,43,568
412535,1,42,12,30
412535,2,42,12,30
412544,1,212,47,165
412544,2,212,47,165
412599,1,892,237,655
412599,2,892,237,655
412650,1,415,382,33
412650,2,415,382,33
413176,1,42,17,25
413176,2,42,17,25
413343,1,23,0,23
413343,2,23,0,23
413413,1,57966,13834,44132
413413,2,15799,4704,11095
413413,4,42167,9130,33037
413617,1,722,190,532
413617,2,722,190,532
413626,1,429,277,152
413626,2,429,277,152
413680,1,744,697,47
413680,2,744,697,47
413778,1,367,27,340
413778,2,367,27,340
413802,1,739,256,483
413802,2,739,256,483
413820,1,35,0,35
413820,2,35,0,35
413893,1,469,70,399
413893,2,469,70,399
413945,1,121,12,109
413945,2,121,12,109
413972,1,68,2,66
413972,2,68,2,66
414054,1,133,5,128
414054,2,133,5,128
414063,1,218,10,208
414063,2,218,10,208
414124,1,507,325,182
414124,2,507,325,182
414452,1,36,4,32
414452,2,36,4,32
414461,1,3883,3724,159
414461,2,3883,3724,159
414489,1,122,6,116
414489,2,122,6,116
414540,1,484,24,460
414540,2,484,24,460
414595,1,781,197,584
414595,2,218,50,168
414595,4,563,147,416
414823,1,1956,731,1225
414823,2,1956,731,1225
414869,1,221,10,211
414869,2,221,10,211
414878,1,1115,513,602
414878,2,746,300,446
414878,4,369,213,156
414911,1,3216,1318,1898
414911,2,3216,1318,1898
414939,1,313,52,261
414939,2,313,52,261
414966,1,124,57,67
414966,4,124,57,67
415039,1,139,2,137
415039,2,139,2,137
415057,1,159,156,3
415057,2,159,156,3
415729,1,17,9,8
415729,2,17,9,8
415987,1,731,57,674
415987,2,731,57,674
416458,1,537,138,399
416458,2,537,138,399
416670,1,127,4,123
416670,2,127,4,123
416801,1,463,156,307
416801,2,443,150,293
416801,4,20,6,14
417008,1,148,4,144
417008,2,148,4,144
417062,1,124,12,112
417062,2,124,12,112
417105,1,596,338,258
417105,2,596,338,258
417123,1,288,144,144
417123,2,288,144,144
417178,1,61,11,50
417178,2,61,11,50
417187,1,34,2,32
417187,2,34,2,32
417248,1,71,68,3
417248,2,71,68,3
417257,1,39,4,35
417257,2,39,4,35
417275,1,11,0,11
417275,2,11,0,11
417318,1,15,9,6
417318,2,15,9,6
417327,1,575,142,433
417327,2,575,142,433
417381,1,242,24,218
417381,2,242,24,218
417406,1,84,1,83
417406,2,84,1,83
417442,1,141,5,136
417442,2,141,5,136
417503,1,291,10,281
417503,2,291,10,281
417549,1,328,9,319
417549,2,328,9,319
417600,1,37,1,36
417600,2,37,1,36
417628,1,49,4,45
417628,2,49,4,45
417637,1,111,38,73
417637,2,111,38,73
417646,1,23,0,23
417646,2,23,0,23
417655,1,37,2,35
417655,2,37,2,35
417673,1,18,3,15
417673,2,18,3,15
417682,1,24,3,21
417682,2,24,3,21
417716,1,234,16,218
417716,2,234,16,218
417725,1,121,6,115
417725,2,121,6,115
417734,1,262,41,221
417734,2,262,41,221
417752,1,129,79,50
417752,2,129,79,50
417789,1,119,12,107
417789,2,119,12,107
417804,1,112,9,103
417804,2,112,9,103
417831,1,93,64,29
417831,2,93,64,29
417840,1,535,43,492
417840,2,535,43,492
417868,1,74,23,51
417868,2,74,23,51
417886,1,132,11,121
417886,2,132,11,121
417910,1,217,27,190
417910,2,217,27,190
417947,1,40,4,36
417947,2,40,4,36
417983,1,69,2,67
417983,2,69,2,67
417992,1,77,6,71
417992,2,77,6,71
418001,1,265,19,246
418001,2,265,19,246
418010,1,58,1,57
418010,2,58,1,57
418029,1,29,1,28
418029,2,29,1,28
418038,1,164,17,147
418038,2,164,17,147
418056,1,154,20,134
418056,2,154,20,134
418065,1,393,51,342
418065,2,393,51,342
418083,1,69,13,56
418083,2,69,13,56
418126,1,877,231,646
418126,2,605,153,452
418126,4,272,78,194
418171,1,58,56,2
418171,2,58,56,2
418199,1,281,121,160
418199,2,281,121,160
418205,1,621,298,323
418205,2,621,298,323
418223,1,126,10,116
418223,2,126,10,116
418250,1,389,212,177
418250,2,389,212,177
418269,1,166,98,68
418269,2,166,98,68
418278,1,95,50,45
418278,2,95,50,45
418296,1,837,443,394
418296,2,837,443,394
418302,1,600,279,321
418302,2,600,279,321
418320,1,955,552,403
418320,2,955,552,403
418339,1,581,335,246
418339,2,581,335,246
418348,1,698,463,235
418348,2,698,463,235
418357,1,72,13,59
418357,2,72,13,59
418384,1,26,3,23
418384,2,26,3,23
418409,1,1090,892,198
418409,2,1090,892,198
418427,1,140,11,129
418427,2,140,11,129
418445,1,66,6,60
418445,2,66,6,60
418454,1,196,84,112
418454,2,196,84,112
418481,1,53,6,47
418481,2,53,6,47
418515,1,245,20,225
418515,2,245,20,225
418524,1,58,5,53
418524,2,58,5,53
418533,1,609,112,497
418533,2,609,112,497
418542,1,146,28,118
418542,2,146,28,118
418560,1,111,24,87
418560,2,111,24,87
418588,1,63,2,61
418588,2,63,2,61
418603,1,88,6,82
418603,2,88,6,82
418612,1,30,3,27
418612,2,30,3,27
418658,1,592,551,41
418658,2,592,551,41
418755,1,116,30,86
418755,2,116,30,86
418764,1,198,48,150
418764,2,198,48,150
418773,1,789,278,511
418773,2,789,278,511
418782,1,495,476,19
418782,2,495,476,19
418870,1,394,126,268
418870,2,394,126,268
418889,1,294,281,13
418889,2,294,281,13
418913,1,42,20,22
418913,2,42,20,22
418968,1,68,0,68
418968,2,68,0,68
419031,1,38,6,32
419031,2,38,6,32
419095,1,67,7,60
419095,2,67,7,60
419147,1,30,1,29
419147,2,30,1,29
419156,1,56,3,53
419156,2,56,3,53
419183,1,457,91,366
419183,2,457,91,366
419217,1,91,25,66
419217,2,91,25,66
419226,1,624,257,367
419226,2,624,257,367
419235,1,230,64,166
419235,2,230,64,166
419244,1,262,243,19
419244,2,262,243,19
419253,1,204,167,37
419253,2,204,167,37
419271,1,18,2,16
419271,2,18,2,16
419280,1,56,0,56
419280,2,56,0,56
419314,1,31,1,30
419314,2,31,1,30
419332,1,32,25,7
419332,2,32,25,7
419341,1,118,65,53
419341,2,118,65,53
419411,1,303,99,204
419411,2,303,99,204
419420,1,100,53,47
419420,2,100,53,47
419457,1,883,233,650
419457,2,155,56,99
419457,4,728,177,551
419484,1,24,2,22
419484,2,24,2,22
419633,1,124,12,112
419633,2,124,12,112
419660,1,755,195,560
419660,2,755,195,560
419703,1,623,593,30
419703,2,623,593,30
419712,1,209,202,7
419712,2,209,202,7
419721,1,289,271,18
419721,2,289,271,18
420006,1,319,58,261
420006,2,295,51,244
420006,4,24,7,17
420024,1,431,74,357
420024,2,431,74,357
420042,1,1770,1119,651
420042,2,1511,949,562
420042,4,259,170,89
420103,1,322,63,259
420103,2,322,63,259
420130,1,317,27,290
420130,2,317,27,290
420200,1,83,2,81
420200,2,83,2,81
420246,1,450,116,334
420246,4,450,116,334
420255,1,116,115,1
420255,2,116,115,1
420307,1,5341,1337,4004
420307,2,5207,1302,3905
420307,4,134,35,99
420316,1,1056,268,788
420316,2,1056,268,788
420325,1,103,103,0
420325,2,99,99,0
420325,4,4,4,0
420343,1,1163,1133,30
420343,2,1163,1133,30
420370,1,509,195,314
420370,2,509,195,314
420398,1,27477,12270,15207
420398,2,27477,12270,15207
420431,1,2330,931,1399
420431,2,2330,931,1399
420440,1,2364,849,1515
420440,2,2364,849,1515
420459,1,439,260,179
420459,2,439,260,179
420468,1,422,118,304
420468,2,422,118,304
420495,1,214,19,195
420495,2,214,19,195
420538,1,1935,793,1142
420538,2,1935,793,1142
420556,1,1693,664,1029
420556,2,1693,664,1029
420574,1,4551,3218,1333
420574,2,4076,2915,1161
420574,4,475,303,172
420608,1,150,14,136
420608,2,150,14,136
420705,1,219,130,89
420705,4,219,130,89
420723,1,601,268,333
420723,2,601,268,333
420866,1,337,70,267
420866,2,100,26,74
420866,4,237,44,193
420981,1,889,251,638
420981,2,889,251,638
421513,1,208,47,161
421513,2,208,47,161
421540,1,294,152,142
421540,2,294,152,142
421559,1,194,102,92
421559,2,194,102,92
421610,1,66,1,65
421610,2,66,1,65
421665,1,31,0,31
421665,2,31,0,31
421708,1,948,137,811
421708,2,948,137,811
421717,1,52,29,23
421717,2,52,29,23
421771,1,64,4,60
421771,2,64,4,60
421832,1,485,206,279
421832,2,485,206,279
421841,1,311,135,176
421841,2,311,135,176
421878,1,229,19,210
421878,2,229,19,210
421896,1,628,298,330
421896,2,628,298,330
422190,1,92,6,86
422190,2,92,6,86
422695,1,429,55,374
422695,2,429,55,374
422835,1,303,54,249
422835,2,303,54,249
423120,1,704,31,673
423120,2,704,31,673
423397,1,44,44,0
423397,2,44,44,0
423643,1,3669,1844,1825
423643,4,3669,1844,1825
423652,1,689,243,446
423652,2,689,243,446
423980,1,1732,887,845
423980,2,1732,887,845
425250,1,180,25,155
425250,2,180,25,155
425889,1,509,73,436
425889,2,509,73,436
425986,1,496,56,440
425986,2,496,56,440
426314,1,20833,17956,2877
426314,2,14848,13184,1664
426314,4,5985,4772,1213
427308,1,218,23,195
427308,2,218,23,195
427335,1,32,0,32
427335,2,32,0,32
427894,1,256,244,12
427894,2,256,244,12
427919,1,246,103,143
427919,2,246,103,143
427973,1,384,349,35
427973,2,384,349,35
427982,1,389,31,358
427982,2,389,31,358
427991,1,849,485,364
427991,2,849,485,364
428000,1,182,91,91
428000,2,182,91,91
428019,1,308,140,168
428019,2,308,140,168
428055,1,464,135,329
428055,2,464,135,329
428073,1,28,0,28
428073,2,28,0,28
428125,1,153,105,48
428125,2,153,105,48
428143,1,383,32,351
428143,2,383,32,351
428170,1,1135,190,945
428170,2,1135,190,945
428259,1,388,101,287
428259,2,299,78,221
428259,4,89,23,66
428268,1,716,209,507
428268,2,223,77,146
428268,4,493,132,361
428286,1,863,461,402
428286,2,863,461,402
428295,1,416,395,21
428295,2,416,395,21
428392,1,3348,1557,1791
428392,2,3348,1557,1791
428444,1,1449,742,707
428444,2,1449,742,707
429012,1,664,642,22
429012,2,664,642,22
429085,1,154,49,105
429085,4,154,49,105
429094,1,230,56,174
429094,4,230,56,174
429100,1,83,8,75
429100,2,83,8,75
429128,1,1471,88,1383
429128,2,1471,88,1383
430096,1,401,135,266
430096,2,401,135,266
430157,1,220,213,7
430157,2,220,213,7
430166,1,236,227,9
430166,2,236,227,9
430184,1,4883,1635,3248
430184,2,3622,1208,2414
430184,4,1261,427,834
430218,1,191,17,174
430218,2,191,17,174
430227,1,209,11,198
430227,2,209,11,198
430245,1,898,148,750
430245,2,898,148,750
430254,1,151,28,123
430254,2,151,28,123
430306,1,59,6,53
430306,2,59,6,53
430342,1,192,95,97
430342,2,192,95,97
430403,1,162,20,142
430403,2,162,20,142
430421,1,342,29,313
430421,2,342,29,313
430485,1,70,28,42
430485,2,70,28,42
430564,1,132,35,97
430564,2,132,35,97
430582,1,428,137,291
430582,2,428,137,291
430670,1,336,156,180
430670,2,37,12,25
430670,4,299,144,155
430704,1,175,59,116
430704,2,16,5,11
430704,4,159,54,105
430795,1,277,93,184
430795,2,277,93,184
430810,1,484,156,328
430810,2,399,130,269
430810,4,85,26,59
430883,1,58,3,55
430883,2,58,3,55
430908,1,102,11,91
430908,2,102,11,91
430935,1,1089,827,262
430935,2,1089,827,262
430971,1,113,19,94
430971,2,113,19,94
431017,1,118,46,72
431017,2,118,46,72
431071,1,115,25,90
431071,2,115,25,90
431099,1,155,4,151
431099,2,155,4,151
431105,1,188,18,170
431105,2,188,18,170
431123,1,550,546,4
431123,2,550,546,4
431141,1,2206,915,1291
431141,2,2206,915,1291
431169,1,158,33,125
431169,2,158,33,125
431187,1,58,55,3
431187,2,58,55,3
431196,1,173,18,155
431196,2,173,18,155
431202,1,65,3,62
431202,2,65,3,62
431266,1,76,6,70
431266,2,76,6,70
431275,1,100,9,91
431275,2,100,9,91
431284,1,109,14,95
431284,2,109,14,95
431309,1,30,15,15
431309,2,30,15,15
431558,1,400,119,281
431558,2,400,119,281
431594,1,22,0,22
431594,4,22,0,22
431600,1,115,19,96
431600,2,115,19,96
431691,1,36,9,27
431691,2,36,9,27
431707,1,38,3,35
431707,2,38,3,35
431716,1,525,270,255
431716,2,525,270,255
431770,1,40,7,33
431770,2,40,7,33
431886,1,912,152,760
431886,2,912,152,760
431929,1,374,78,296
431929,2,374,78,296
431956,1,222,45,177
431956,2,222,45,177
431965,1,162,61,101
431965,2,162,61,101
431983,1,117,117,0
431983,2,117,117,0
432074,1,207,85,122
432074,2,207,85,122
432117,1,168,11,157
432117,2,168,11,157
432223,1,484,219,265
432223,2,421,179,242
432223,4,63,40,23
432241,1,305,112,193
432241,2,281,101,180
432241,4,24,11,13
432269,1,184,159,25
432269,2,184,159,25
432302,1,476,100,376
432302,2,476,100,376
432348,1,112,69,43
432348,4,112,69,43
432357,1,242,58,184
432357,4,242,58,184
432384,1,689,166,523
432384,2,689,166,523
432524,1,171,66,105
432524,2,171,66,105
432533,1,1302,741,561
432533,2,1302,741,561
433004,1,361,102,259
433004,2,354,98,256
433004,4,7,4,3
433013,1,788,214,574
433013,2,788,214,574
433040,1,39,2,37
433040,2,39,2,37
433068,1,489,245,244
433068,2,489,245,244
433101,1,915,99,816
433101,2,915,99,816
433138,1,274,68,206
433138,2,274,68,206
433165,1,9,3,6
433165,2,9,3,6
433174,1,551,54,497
433174,2,551,54,497
433217,1,10,2,8
433217,4,10,2,8
433387,1,101229,37502,63727
433387,2,76073,28630,47443
433387,4,25156,8872,16284
433420,1,591,181,410
433420,2,564,166,398
433420,4,27,15,12
433466,1,793,90,703
433466,2,793,90,703
433536,1,798,125,673
433536,2,751,115,636
433536,4,47,10,37
433563,1,130,30,100
433563,2,130,30,100
433660,1,16674,7277,9397
433660,2,15223,6780,8443
433660,4,1451,497,954
433970,1,184,20,164
433970,2,184,20,164
434016,1,168,75,93
434016,2,168,75,93
434061,1,9727,4265,5462
434061,2,9727,4265,5462
434140,1,1624,377,1247
434140,2,1624,377,1247
434159,1,493,310,183
434159,2,493,310,183
434274,1,135,23,112
434274,2,135,23,112
434283,1,69,10,59
434283,2,69,10,59
434292,1,1,0,1
434292,2,1,0,1
434308,1,876,181,695
434308,2,876,181,695
434317,1,384,94,290
434317,2,384,94,290
434344,1,250,14,236
434344,2,250,14,236
434362,1,43,43,0
434362,2,43,43,0
434380,1,46,4,42
434380,2,46,4,42
434432,1,49,6,43
434432,2,49,6,43
434441,1,136,36,100
434441,4,136,36,100
434469,1,127,22,105
434469,2,127,22,105
434496,1,109,3,106
434496,2,109,3,106
434502,1,148,8,140
434502,2,148,8,140
434520,1,636,191,445
434520,2,636,191,445
434539,1,487,192,295
434539,2,487,192,295
434584,1,731,291,440
434584,2,731,291,440
434672,1,30387,12110,18277
434672,2,30387,12110,18277
434690,1,303,300,3
434690,2,303,300,3
434715,1,991,437,554
434715,4,991,437,554
434751,1,165,50,115
434751,2,165,50,115
434812,1,155,5,150
434812,2,155,5,150
434821,1,1448,101,1347
434821,2,1448,101,1347
434830,1,345,15,330
434830,2,345,15,330
434900,1,817,254,563
434900,2,817,254,563
434937,1,37,37,0
434937,2,37,37,0
434973,1,314,183,131
434973,2,275,162,113
434973,4,39,21,18
435000,1,1031,393,638
435000,2,56,15,41
435000,4,975,378,597
436003,1,267,40,227
436003,2,267,40,227
436012,1,379,29,350
436012,2,379,29,350
436021,1,60,12,48
436021,4,60,12,48
436030,1,366,12,354
436030,2,366,12,354
436067,1,51,5,46
436067,2,51,5,46
436094,1,770,200,570
436094,2,290,86,204
436094,4,480,114,366
436100,1,45,3,42
436100,2,45,3,42
436182,1,132,39,93
436182,2,132,39,93
436191,1,622,328,294
436191,2,622,328,294
436261,1,119,26,93
436261,4,119,26,93
436270,1,236,72,164
436270,2,236,72,164
436304,1,2682,1137,1545
436304,2,2682,1137,1545
436429,1,3747,2930,817
436429,2,3747,2930,817
436438,1,749,253,496
436438,2,341,140,201
436438,4,408,113,295
436465,1,348,83,265
436465,2,348,83,265
436483,1,469,123,346
436483,2,469,123,346
436553,1,354,78,276
436553,2,354,78,276
436599,1,119,44,75
436599,2,119,44,75
436614,1,90,58,32
436614,2,62,37,25
436614,4,28,21,7
436632,1,179,14,165
436632,2,179,14,165
436641,1,220,52,168
436641,2,220,52,168
436650,1,475,36,439
436650,2,475,36,439
436775,1,322,28,294
436775,2,322,28,294
436818,1,2830,1312,1518
436818,2,2830,1312,1518
436827,1,869,450,419
436827,2,869,450,419
436836,1,1984,969,1015
436836,2,1984,969,1015
437060,1,402,265,137
437060,2,402,265,137
437097,1,3277,2335,942
437097,2,2411,1717,694
437097,4,866,618,248
437103,1,11676,4731,6945
437103,2,11676,4731,6945
437237,1,118,110,8
437237,2,118,110,8
437316,1,456,97,359
437316,2,456,97,359
437325,1,520,104,416
437325,2,471,86,385
437325,4,49,18,31
437529,1,324,146,178
437529,2,324,146,178
437556,1,827,294,533
437556,2,827,294,533
437608,1,301,196,105
437608,2,301,196,105
437635,1,494,123,371
437635,2,494,123,371
437653,1,227,94,133
437653,2,227,94,133
437705,1,13,0,13
437705,2,13,0,13
437732,1,381,62,319
437732,2,381,62,319
437750,1,243,221,22
437750,2,243,221,22
437769,1,260,10,250
437769,2,260,10,250
437778,1,487,46,441
437778,2,487,46,441
437857,1,218,6,212
437857,2,218,6,212
437936,1,1191,157,1034
437936,2,1191,157,1034
438151,1,1631,988,643
438151,2,1452,862,590
438151,4,179,126,53
438179,1,630,163,467
438179,2,630,163,467
438212,1,391,145,246
438212,2,391,145,246
438221,1,496,127,369
438221,2,496,127,369
438258,1,860,134,726
438258,2,860,134,726
438267,1,350,121,229
438267,2,350,121,229
438285,1,732,114,618
438285,2,732,114,618
438337,1,306,110,196
438337,2,306,110,196
438498,1,7086,3054,4032
438498,2,5017,1731,3286
438498,4,2069,1323,746
438504,1,2463,2392,71
438504,2,2463,2392,71
438586,1,965,392,573
438586,2,849,350,499
438586,4,116,42,74
438647,1,516,170,346
438647,2,516,170,346
438656,1,696,86,610
438656,2,696,86,610
438674,1,114,11,103
438674,2,114,11,103
438708,1,1145,380,765
438708,2,1145,380,765
438735,1,277,255,22
438735,2,277,255,22
438805,1,896,297,599
438805,2,896,297,599
438869,1,68,12,56
438869,2,68,12,56
438902,1,429,106,323
438902,2,389,93,296
438902,4,40,13,27
438984,1,150,50,100
438984,2,150,50,100
439020,1,123,35,88
439020,2,32,11,21
439020,4,91,24,67
439057,1,189,57,132
439057,2,97,31,66
439057,4,92,26,66
439118,1,745,128,617
439118,2,745,128,617
439127,1,343,30,313
439127,2,343,30,313
439145,1,6349,2557,3792
439145,2,6349,2557,3792
439190,1,4733,2435,2298
439190,2,4733,2435,2298
439288,1,1630,673,957
439288,2,1590,657,933
439288,4,40,16,24
439297,1,301,82,219
439297,2,271,73,198
439297,4,30,9,21
439367,1,820,269,551
439367,2,820,269,551
439394,1,180,44,136
439394,2,16,5,11
439394,4,164,39,125
439446,1,202,48,154
439446,2,66,15,51
439446,4,136,33,103
439455,1,448,43,405
439455,2,448,43,405
439473,1,322,92,230
439473,2,322,92,230
439482,1,436,29,407
439482,2,436,29,407
439491,1,518,128,390
439491,2,518,128,390
439507,1,230,33,197
439507,2,230,33,197
439570,1,1071,77,994
439570,2,1071,77,994
439613,1,292,159,133
439613,2,292,159,133
439622,1,808,161,647
439622,2,808,161,647
439631,1,76,6,70
439631,2,76,6,70
439668,1,302,281,21
439668,2,302,281,21
439686,1,478,44,434
439686,2,478,44,434
439701,1,1025,489,536
439701,2,693,331,362
439701,4,332,158,174
439738,1,644,99,545
439738,2,644,99,545
439747,1,211,27,184
439747,2,211,27,184
439774,1,62,7,55
439774,2,62,7,55
439783,1,220,97,123
439783,2,94,39,55
439783,4,126,58,68
439792,1,601,74,527
439792,2,601,74,527
439817,1,175,105,70
439817,4,175,105,70
439844,1,82,1,81
439844,2,82,1,81
439862,1,121,61,60
439862,2,114,55,59
439862,4,7,6,1
439871,1,142,17,125
439871,2,142,17,125
439899,1,64,32,32
439899,2,64,32,32
439905,1,502,44,458
439905,2,502,44,458
439914,1,40,9,31
439914,4,40,9,31
439932,1,29,1,28
439932,2,29,1,28
439969,1,201,75,126
439969,2,74,31,43
439969,4,127,44,83
439978,1,61,4,57
439978,2,61,4,57
439996,1,126,28,98
439996,2,126,28,98
440004,1,42,18,24
440004,4,42,18,24
440031,1,520,223,297
440031,4,520,223,297
440059,1,1141,1050,91
440059,2,1141,1050,91
440077,1,49,3,46
440077,2,49,3,46
440086,1,501,122,379
440086,2,501,122,379
440101,1,245,11,234
440101,2,245,11,234
440174,1,134,10,124
440174,2,134,10,124
440217,1,29,2,27
440217,2,29,2,27
440226,1,108,2,106
440226,2,108,2,106
440262,1,682,658,24
440262,2,682,658,24
440271,1,166,61,105
440271,2,166,61,105
440323,1,312,29,283
440323,2,312,29,283
440332,1,576,123,453
440332,2,576,123,453
440341,1,1271,743,528
440341,2,1271,743,528
440396,1,184,86,98
440396,2,147,64,83
440396,4,37,22,15
440402,1,5737,2394,3343
440402,2,5737,2394,3343
440411,1,134,58,76
440411,2,5,3,2
440411,4,129,55,74
440420,1,149,112,37
440420,2,127,96,31
440420,4,22,16,6
440457,1,134,44,90
440457,2,133,44,89
440457,4,1,0,1
440466,1,114,45,69
440466,2,110,42,68
440466,4,4,3,1
440651,1,1722,486,1236
440651,2,1722,486,1236
440721,1,491,128,363
440721,2,491,128,363
440730,1,820,349,471
440730,2,820,349,471
440749,1,505,370,135
440749,2,505,370,135
440758,1,258,70,188
440758,2,258,70,188
440767,1,589,178,411
440767,2,589,178,411
440776,1,48,9,39
440776,2,48,9,39
440794,1,641,246,395
440794,2,641,246,395
440819,1,104,48,56
440819,2,104,48,56
440828,1,1376,628,748
440828,2,1119,547,572
440828,4,257,81,176
440855,1,268,13,255
440855,2,268,13,255
440873,1,1072,637,435
440873,2,1072,637,435
440882,1,249,173,76
440882,2,249,173,76
440891,1,242,199,43
440891,2,242,199,43
440907,1,742,199,543
440907,2,742,199,543
440916,1,620,283,337
440916,4,620,283,337
440925,1,141,52,89
440925,2,141,52,89
440952,1,425,102,323
440952,2,425,102,323
440989,1,964,768,196
440989,2,964,768,196
441016,1,780,72,708
441016,2,780,72,708
441025,1,1126,260,866
441025,2,1126,260,866
441052,1,2178,545,1633
441052,2,2178,545,1633
441070,1,150,55,95
441070,2,150,55,95
441089,1,717,682,35
441089,2,717,682,35
441104,1,406,93,313
441104,4,406,93,313
441131,1,307,93,214
441131,4,307,93,214
441168,1,141,14,127
441168,2,141,14,127
441201,1,66,14,52
441201,2,66,14,52
441210,1,231,126,105
441210,2,231,126,105
441229,1,1356,601,755
441229,2,1356,601,755
441256,1,160,2,158
441256,2,160,2,158
441308,1,2729,715,2014
441308,4,2729,715,2014
441317,1,42,9,33
441317,2,42,9,33
441335,1,26,2,24
441335,2,26,2,24
441353,1,8,1,7
441353,2,8,1,7
441362,1,578,73,505
441362,2,578,73,505
441371,1,530,58,472
441371,2,530,58,472
441380,1,481,326,155
441380,2,481,326,155
441405,1,84,10,74
441405,2,84,10,74
441414,1,365,124,241
441414,2,365,124,241
441423,1,588,94,494
441423,2,588,94,494
441478,1,281,195,86
441478,2,94,73,21
441478,4,187,122,65
441487,1,246,17,229
441487,2,246,17,229
441496,1,273,244,29
441496,2,273,244,29
441502,1,652,54,598
441502,2,652,54,598
441511,1,1264,440,824
441511,2,996,365,631
441511,4,268,75,193
441548,1,134,45,89
441548,2,134,45,89
441575,1,1023,136,887
441575,2,1023,136,887
441593,1,77,6,71
441593,2,77,6,71
441609,1,171,171,0
441609,2,171,171,0
441618,1,33,4,29
441618,2,33,4,29
441636,1,549,123,426
441636,2,549,123,426
441645,1,228,3,225
441645,2,228,3,225
441663,1,460,82,378
441663,2,460,82,378
441672,1,73,4,69
441672,2,73,4,69
441690,1,427,262,165
441690,2,392,244,148
441690,4,35,18,17
441706,1,143,74,69
441706,2,143,74,69
441742,1,1440,185,1255
441742,2,1440,185,1255
441760,1,3666,2020,1646
441760,2,3666,2020,1646
441779,1,97,3,94
441779,2,97,3,94
441788,1,880,824,56
441788,2,880,824,56
441830,1,99,23,76
441830,2,99,23,76
441858,1,250,35,215
441858,2,250,35,215
441876,1,333,8,325
441876,2,333,8,325
441900,1,4938,1194,3744
441900,2,4938,1194,3744
441919,1,754,162,592
441919,2,754,162,592
441928,1,1135,183,952
441928,2,1135,183,952
441937,1,6762,2374,4388
441937,2,6483,2304,4179
441937,4,279,70,209
441973,1,1415,746,669
441973,2,1415,746,669
441982,1,403,202,201
441982,2,403,202,201
442037,1,385,77,308
442037,2,385,77,308
442046,1,750,99,651
442046,2,750,99,651
442064,1,95,25,70
442064,4,95,25,70
442073,1,869,289,580
442073,2,869,289,580
442134,1,867,98,769
442134,2,867,98,769
442161,1,670,260,410
442161,2,588,224,364
442161,4,82,36,46
442204,1,179,31,148
442204,2,179,31,148
442213,1,72,0,72
442213,2,72,0,72
442222,1,615,167,448
442222,2,371,108,263
442222,4,244,59,185
442240,1,436,70,366
442240,2,436,70,366
442295,1,289,142,147
442295,4,289,142,147
442329,1,1483,1426,57
442329,2,1483,1426,57
442356,1,1693,215,1478
442356,2,1634,207,1427
442356,4,59,8,51
442383,1,293,42,251
442383,2,293,42,251
442392,1,159,50,109
442392,4,159,50,109
442408,1,297,259,38
442408,2,297,259,38
442426,1,671,61,610
442426,2,671,61,610
442435,1,93,27,66
442435,2,93,27,66
442523,1,95,29,66
442523,2,95,29,66
442569,1,16947,9070,7877
442569,2,14423,7673,6750
442569,4,2524,1397,1127
442578,1,148,32,116
442578,2,148,32,116
442602,1,785,129,656
442602,2,785,129,656
442611,1,1849,1762,87
442611,2,1849,1762,87
442620,1,456,61,395
442620,2,456,61,395
442639,1,224,153,71
442639,2,74,57,17
442639,4,150,96,54
442657,1,377,66,311
442657,2,377,66,311
442718,1,533,86,447
442718,2,533,86,447
442727,1,561,185,376
442727,2,561,185,376
442745,1,74,31,43
442745,2,74,31,43
442781,1,302,132,170
442781,2,302,132,170
442790,1,547,122,425
442790,2,547,122,425
442806,1,1637,793,844
442806,4,1637,793,844
442815,1,627,113,514
442815,2,627,113,514
442842,1,253,65,188
442842,2,84,29,55
442842,4,169,36,133
442879,1,1378,142,1236
442879,2,1378,142,1236
442888,1,255,204,51
442888,2,255,204,51
442897,1,167,52,115
442897,2,139,43,96
442897,4,28,9,19
442930,1,1360,539,821
442930,2,1314,512,802
442930,4,46,27,19
442949,1,98,0,98
442949,2,98,0,98
442967,1,199,26,173
442967,2,199,26,173
442976,1,186,31,155
442976,2,186,31,155
442985,1,265,68,197
442985,2,265,68,197
443021,1,155,137,18
443021,2,155,137,18
443030,1,79,22,57
443030,4,79,22,57
443049,1,632,398,234
443049,2,320,188,132
443049,4,312,210,102
443058,1,36,21,15
443058,2,36,21,15
443076,1,180,98,82
443076,4,180,98,82
443100,1,242,96,146
443100,2,242,96,146
443128,1,1664,813,851
443128,4,1664,813,851
443137,1,266,54,212
443137,2,266,54,212
443146,1,224,148,76
443146,2,224,148,76
443173,1,42,2,40
443173,2,42,2,40
443207,1,1057,1011,46
443207,2,1057,1011,46
443216,1,263,248,15
443216,2,263,248,15
443225,1,76,69,7
443225,2,76,69,7
443234,1,395,50,345
443234,2,395,50,345
443252,1,1232,1012,220
443252,2,1232,1012,220
443261,1,252,23,229
443261,2,252,23,229
443270,1,223,36,187
443270,2,223,36,187
443289,1,274,48,226
443289,2,274,48,226
443298,1,67,60,7
443298,2,67,60,7
443322,1,468,86,382
443322,2,468,86,382
443331,1,1961,469,1492
443331,2,1961,469,1492
443340,1,79,45,34
443340,2,63,34,29
443340,4,16,11,5
443359,1,136,93,43
443359,2,136,93,43
443377,1,199,190,9
443377,2,199,190,9
443395,1,340,84,256
443395,2,340,84,256
443410,1,1126,878,248
443410,2,1030,797,233
443410,4,96,81,15
443483,1,204,34,170
443483,2,204,34,170
443492,1,2643,1083,1560
443492,2,2643,1083,1560
443544,1,138,43,95
443544,2,133,40,93
443544,4,5,3,2
443562,1,1396,333,1063
443562,2,1220,274,946
443562,4,176,59,117
443571,1,120,92,28
443571,2,120,92,28
443599,1,1047,65,982
443599,2,714,47,667
443599,4,333,18,315
443623,1,1293,594,699
443623,2,1293,594,699
443632,1,142,107,35
443632,2,142,107,35
443641,1,264,9,255
443641,2,264,9,255
443650,1,943,209,734
443650,2,943,209,734
443669,1,585,74,511
443669,2,585,74,511
443678,1,146,6,140
443678,2,146,6,140
443696,1,32,14,18
443696,2,32,14,18
443702,1,42,22,20
443702,4,42,22,20
443748,1,552,50,502
443748,2,552,50,502
443766,1,3460,805,2655
443766,2,2582,617,1965
443766,4,878,188,690
443784,1,3327,1151,2176
443784,2,2615,890,1725
443784,4,712,261,451
443827,1,648,304,344
443827,2,648,304,344
443836,1,766,82,684
443836,2,766,82,684
443854,1,676,272,404
443854,2,676,272,404
443942,1,172,7,165
443942,2,172,7,165
443951,1,115,70,45
443951,2,115,70,45
443979,1,122,2,120
443979,2,122,2,120
444024,1,840,152,688
444024,2,840,152,688
444042,1,1914,543,1371
444042,2,1862,532,1330
444042,4,52,11,41
444051,1,151,7,144
444051,2,151,7,144
444088,1,471,105,366
444088,2,471,105,366
444103,1,20,18,2
444103,4,20,18,2
444130,1,15047,5108,9939
444130,2,259,69,190
444130,4,14788,5039,9749
444194,1,332,16,316
444194,2,332,16,316
444200,1,590,80,510
444200,2,590,80,510
444219,1,12490,5285,7205
444219,2,12490,5285,7205
444228,1,37,2,35
444228,2,37,2,35
444237,1,394,72,322
444237,2,394,72,322
444255,1,309,62,247
444255,2,309,62,247
444264,1,228,62,166
444264,2,228,62,166
444282,1,144,9,135
444282,2,144,9,135
444291,1,171,7,164
444291,2,171,7,164
444307,1,154,5,149
444307,2,154,5,149
444316,1,178,1,177
444316,2,178,1,177
444325,1,81,22,59
444325,2,81,22,59
444334,1,73,12,61
444334,2,73,12,61
444343,1,131,13,118
444343,2,131,13,118
444361,1,177,59,118
444361,2,177,59,118
444370,1,164,163,1
444370,2,164,163,1
444398,1,219,114,105
444398,2,219,114,105
444404,1,58,35,23
444404,2,58,35,23
444413,1,125,125,0
444413,2,105,105,0
444413,4,20,20,0
444422,1,231,9,222
444422,2,231,9,222
444440,1,123,17,106
444440,2,123,17,106
444468,1,38,3,35
444468,2,38,3,35
444486,1,595,24,571
444486,2,595,24,571
444510,1,211,32,179
444510,2,211,32,179
444529,1,184,25,159
444529,2,184,25,159
444547,1,29,2,27
444547,2,29,2,27
444556,1,317,137,180
444556,2,317,137,180
444565,1,449,195,254
444565,2,449,195,254
444583,1,1369,738,631
444583,2,1369,738,631
444592,1,150,12,138
444592,2,150,12,138
444608,1,69,4,65
444608,2,69,4,65
444635,1,114,17,97
444635,2,114,17,97
444644,1,63,4,59
444644,2,63,4,59
444653,1,82,1,81
444653,2,82,1,81
444662,1,84,67,17
444662,2,84,67,17
444671,1,315,157,158
444671,2,315,157,158
444680,1,323,159,164
444680,2,323,159,164
444699,1,55,21,34
444699,4,55,21,34
444705,1,36,12,24
444705,2,36,12,24
444714,1,355,44,311
444714,2,355,44,311
444732,1,308,112,196
444732,2,308,112,196
444769,1,321,46,275
444769,2,321,46,275
444778,1,152,75,77
444778,2,114,55,59
444778,4,38,20,18
444787,1,367,54,313
444787,2,367,54,313
444796,1,215,137,78
444796,2,215,137,78
444811,1,238,34,204
444811,2,238,34,204
444857,1,63,0,63
444857,2,63,0,63
444866,1,310,46,264
444866,2,310,46,264
444893,1,790,115,675
444893,2,790,115,675
444909,1,15,1,14
444909,2,15,1,14
444927,1,452,246,206
444927,2,452,246,206
444936,1,54,9,45
444936,2,54,9,45
444945,1,696,36,660
444945,2,696,36,660
444954,1,2869,1537,1332
444954,2,2869,1537,1332
444972,1,387,193,194
444972,2,387,193,194
444990,1,585,195,390
444990,2,585,195,390
445027,1,23542,7493,16049
445027,2,21094,6706,14388
445027,4,2448,787,1661
445054,1,28,27,1
445054,4,28,27,1
445090,1,1123,222,901
445090,2,1123,222,901
445115,1,634,319,315
445115,2,634,319,315
445124,1,68,27,41
445124,2,68,27,41
445133,1,742,305,437
445133,2,565,229,336
445133,4,177,76,101
445188,1,7013,3435,3578
445188,2,6551,3175,3376
445188,4,462,260,202
445203,1,654,99,555
445203,2,654,99,555
445212,1,428,78,350
445212,2,428,78,350
445230,1,1510,331,1179
445230,2,1510,331,1179
445249,1,444,38,406
445249,2,444,38,406
445258,1,403,146,257
445258,2,403,146,257
445267,1,6757,2216,4541
445267,2,6358,2123,4235
445267,4,399,93,306
445300,1,296,139,157
445300,2,296,139,157
445319,1,88,41,47
445319,2,81,37,44
445319,4,7,4,3
445328,1,549,72,477
445328,2,549,72,477
445346,1,324,36,288
445346,2,324,36,288
445364,1,856,129,727
445364,2,856,129,727
445391,1,109,49,60
445391,2,108,48,60
445391,4,1,1,0
445434,1,717,274,443
445434,2,717,274,443
445461,1,1024,434,590
445461,2,1024,434,590
445498,1,64,64,0
445498,2,64,64,0
445540,1,128,9,119
445540,2,128,9,119
445559,1,481,340,141
445559,2,481,340,141
445577,1,370,91,279
445577,2,370,91,279
445638,1,74,11,63
445638,2,74,11,63
445647,1,149,6,143
445647,2,149,6,143
445656,1,241,16,225
445656,2,241,16,225
445692,1,473,425,48
445692,2,473,425,48
445708,1,2454,835,1619
445708,2,2454,835,1619
445726,1,354,182,172
445726,2,354,182,172
445735,1,1634,708,926
445735,2,465,110,355
445735,4,1169,598,571
445744,1,623,141,482
445744,2,623,141,482
445762,1,260,238,22
445762,2,260,238,22
445780,1,59,4,55
445780,2,59,4,55
445799,1,1996,1949,47
445799,2,1996,1949,47
445814,1,634,102,532
445814,2,634,102,532
445841,1,222,3,219
445841,2,222,3,219
445850,1,213,21,192
445850,2,213,21,192
445869,1,190,77,113
445869,4,190,77,113
445911,1,910,298,612
445911,2,910,298,612
445920,1,216,52,164
445920,2,216,52,164
445948,1,610,96,514
445948,2,610,96,514
445957,1,366,105,261
445957,2,366,105,261
445984,1,113,41,72
445984,2,113,41,72
446002,1,71,22,49
446002,4,71,22,49
446039,1,36,18,18
446039,4,36,18,18
446048,1,1172,586,586
446048,2,1131,560,571
446048,4,41,26,15
446075,1,16,2,14
446075,2,16,2,14
446084,1,247,21,226
446084,2,247,21,226
446093,1,264,21,243
446093,2,264,21,243
446109,1,396,36,360
446109,2,396,36,360
446118,1,864,138,726
446118,2,864,138,726
446127,1,233,24,209
446127,2,233,24,209
446136,1,926,166,760
446136,2,926,166,760
446163,1,230,70,160
446163,2,230,70,160
446190,1,19,0,19
446190,2,19,0,19
446206,1,48,0,48
446206,2,48,0,48
446224,1,66,27,39
446224,2,66,27,39
446233,1,285,164,121
446233,2,281,162,119
446233,4,4,2,2
446242,1,277,63,214
446242,2,277,63,214
446251,1,108,28,80
446251,2,108,28,80
446260,1,205,6,199
446260,2,205,6,199
446288,1,136,3,133
446288,2,136,3,133
446303,1,146,10,136
446303,2,146,10,136
446349,1,23,1,22
446349,2,23,1,22
446385,1,219,162,57
446385,2,219,162,57
446394,1,99,45,54
446394,2,60,31,29
446394,4,39,14,25
446446,1,140,49,91
446446,2,140,49,91
446455,1,108,102,6
446455,2,108,102,6
446516,1,51,19,32
446516,2,51,19,32
446525,1,246,207,39
446525,2,246,207,39
446534,1,88,66,22
446534,2,88,66,22
446552,1,2439,1165,1274
446552,2,2439,1165,1274
446561,1,1804,471,1333
446561,2,1641,440,1201
446561,4,163,31,132
446589,1,163,32,131
446589,2,163,32,131
446598,1,71,14,57
446598,2,71,14,57
446604,1,1691,1691,0
446604,2,1691,1691,0
446613,1,38,16,22
446613,2,38,16,22
446640,1,4176,2804,1372
446640,2,659,416,243
446640,4,3517,2388,1129
446668,1,374,171,203
446668,2,374,171,203
446677,1,133,60,73
446677,2,133,60,73
446729,1,19,7,12
446729,2,18,7,11
446729,4,1,0,1
446774,1,6847,2600,4247
446774,2,6847,2600,4247
446792,1,182,131,51
446792,2,182,131,51
446808,1,236,124,112
446808,2,236,124,112
446835,1,952,488,464
446835,2,952,488,464
446844,1,464,229,235
446844,2,464,229,235
446880,1,596,117,479
446880,2,596,117,479
446996,1,120,21,99
446996,2,120,21,99
447014,1,416,29,387
447014,2,416,29,387
447023,1,763,345,418
447023,2,763,345,418
447050,1,607,277,330
447050,2,224,70,154
447050,4,383,207,176
447102,1,598,104,494
447102,2,598,104,494
447120,1,516,64,452
447120,2,516,64,452
447148,1,279,16,263
447148,2,279,16,263
447166,1,101,3,98
447166,2,101,3,98
447175,1,159,8,151
447175,2,159,8,151
447209,1,334,50,284
447209,2,334,50,284
447263,1,794,175,619
447263,2,794,175,619
447272,1,805,260,545
447272,2,473,156,317
447272,4,332,104,228
447290,1,631,180,451
447290,2,631,180,451
447360,1,76,17,59
447360,2,76,17,59
447379,1,349,28,321
447379,2,349,28,321
447403,1,1074,1043,31
447403,2,1074,1043,31
447421,1,350,119,231
447421,2,350,119,231
447430,1,186,12,174
447430,2,186,12,174
447449,1,52,6,46
447449,2,52,6,46
447458,1,565,448,117
447458,2,565,448,117
447467,1,489,40,449
447467,2,489,40,449
447476,1,26,7,19
447476,2,26,7,19
447494,1,253,31,222
447494,2,253,31,222
447519,1,310,22,288
447519,2,310,22,288
447528,1,119,28,91
447528,2,119,28,91
447582,1,2432,912,1520
447582,2,2432,912,1520
447591,1,598,100,498
447591,2,598,100,498
447607,1,629,256,373
447607,2,629,256,373
447616,1,615,220,395
447616,2,615,220,395
447634,1,624,146,478
447634,2,624,146,478
447670,1,183,64,119
447670,2,183,64,119
447689,1,14245,6170,8075
447689,2,14245,6170,8075
447698,1,128,29,99
447698,4,128,29,99
447704,1,81,6,75
447704,2,81,6,75
447713,1,108,23,85
447713,2,108,23,85
447722,1,55,6,49
447722,2,55,6,49
447731,1,230,23,207
447731,2,230,23,207
447759,1,326,83,243
447759,2,326,83,243
447768,1,2434,527,1907
447768,2,2434,527,1907
447777,1,870,511,359
447777,2,870,511,359
447795,1,46,12,34
447795,2,46,12,34
447801,1,469,165,304
447801,4,469,165,304
447810,1,491,42,449
447810,2,491,42,449
447847,1,155,143,12
447847,2,155,143,12
447865,1,37,31,6
447865,2,37,31,6
447874,1,484,475,9
447874,2,484,475,9
447883,1,420,158,262
447883,2,420,158,262
447892,1,240,50,190
447892,2,240,50,190
447908,1,40,6,34
447908,2,40,6,34
447917,1,47,5,42
447917,2,47,5,42
447935,1,360,16,344
447935,2,360,16,344
447953,1,726,416,310
447953,2,617,346,271
447953,4,109,70,39
447962,1,366,96,270
447962,2,366,96,270
447971,1,295,8,287
447971,2,295,8,287
447980,1,124,8,116
447980,2,124,8,116
447999,1,364,77,287
447999,2,364,77,287
448008,1,23,2,21
448008,2,23,2,21
448017,1,88,4,84
448017,2,88,4,84
448026,1,147,3,144
448026,2,147,3,144
448035,1,66,15,51
448035,2,66,15,51
448044,1,36,7,29
448044,2,36,7,29
448071,1,369,31,338
448071,2,369,31,338
448123,1,357,86,271
448123,2,357,86,271
448150,1,113,10,103
448150,2,113,10,103
448196,1,208,34,174
448196,2,208,34,174
448220,1,136,8,128
448220,2,136,8,128
448239,1,178,0,178
448239,2,178,0,178
448248,1,3434,1571,1863
448248,2,3434,1571,1863
448257,1,29,1,28
448257,2,29,1,28
448275,1,40,9,31
448275,2,40,9,31
448284,1,2770,738,2032
448284,2,889,310,579
448284,4,1881,428,1453
448309,1,598,149,449
448309,2,461,110,351
448309,4,137,39,98
448345,1,1072,434,638
448345,2,1072,434,638
448354,1,223,28,195
448354,2,223,28,195
448424,1,120,2,118
448424,2,120,2,118
448433,1,2180,2111,69
448433,2,2180,2111,69
448567,1,331,119,212
448567,2,317,113,204
448567,4,14,6,8
448576,1,2093,1297,796
448576,2,2093,1297,796
448585,1,458,68,390
448585,2,458,68,390
448594,1,5864,2280,3584
448594,2,5864,2280,3584
448600,1,599,46,553
448600,2,599,46,553
448619,1,655,53,602
448619,2,655,53,602
448646,1,255,8,247
448646,2,255,8,247
448664,1,716,498,218
448664,2,716,498,218
448673,1,2508,430,2078
448673,2,2508,430,2078
448691,1,149,38,111
448691,4,149,38,111
448707,1,361,85,276
448707,2,361,85,276
448716,1,339,71,268
448716,2,339,71,268
448734,1,659,199,460
448734,2,313,90,223
448734,4,346,109,237
448752,1,394,166,228
448752,2,394,166,228
448761,1,166,67,99
448761,2,166,67,99
448770,1,427,408,19
448770,2,427,408,19
448798,1,119,7,112
448798,2,119,7,112
448822,1,8,3,5
448822,2,8,3,5
448840,1,5744,2216,3528
448840,2,4866,1899,2967
448840,4,878,317,561
448859,1,206,200,6
448859,2,206,200,6
448886,1,12368,4115,8253
448886,2,10334,3556,6778
448886,4,2034,559,1475
448895,1,726,89,637
448895,2,726,89,637
448974,1,346,66,280
448974,2,346,66,280
448983,1,497,66,431
448983,2,497,66,431
449010,1,1023,559,464
449010,2,1023,559,464
449038,1,3872,1514,2358
449038,2,2765,1108,1657
449038,4,1107,406,701
449074,1,1310,177,1133
449074,2,1310,177,1133
449083,1,437,401,36
449083,2,437,401,36
449092,1,346,311,35
449092,2,346,311,35
449117,1,642,70,572
449117,2,642,70,572
449126,1,200,18,182
449126,2,200,18,182
449135,1,416,104,312
449135,2,416,104,312
449144,1,305,66,239
449144,2,305,66,239
449250,1,684,180,504
449250,2,684,180,504
449269,1,589,214,375
449269,2,589,214,375
449302,1,110,17,93
449302,2,110,17,93
449311,1,226,11,215
449311,2,226,11,215
449320,1,907,877,30
449320,2,907,877,30
449339,1,100156,64768,35388
449339,2,82624,54204,28420
449339,4,17532,10564,6968
449348,1,191,78,113
449348,2,157,60,97
449348,4,34,18,16
449357,1,96,7,89
449357,2,96,7,89
449366,1,842,39,803
449366,2,842,39,803
449384,1,893,582,311
449384,2,893,582,311
449393,1,99,42,57
449393,2,99,42,57
449445,1,204,34,170
449445,2,204,34,170
449454,1,81,14,67
449454,2,81,14,67
449463,1,85,20,65
449463,2,85,20,65
449472,1,103,8,95
449472,2,103,8,95
449481,1,46,14,32
449481,4,46,14,32
449490,1,139,23,116
449490,2,139,23,116
449506,1,813,160,653
449506,2,813,160,653
449524,1,173,36,137
449524,2,173,36,137
449533,1,241,47,194
449533,2,241,47,194
449597,1,23,0,23
449597,2,23,0,23
449603,1,176,146,30
449603,2,176,146,30
449612,1,242,107,135
449612,2,242,107,135
449658,1,169,169,0
449658,2,169,169,0
449667,1,171,37,134
449667,2,171,37,134
449676,1,258,132,126
449676,2,258,132,126
449685,1,302,38,264
449685,2,302,38,264
449700,1,615,124,491
449700,2,615,124,491
449719,1,267,18,249
449719,2,267,18,249
449728,1,119,10,109
449728,2,119,10,109
449764,1,109,72,37
449764,2,109,72,37
449773,1,264,95,169
449773,2,264,95,169
449782,1,93,1,92
449782,2,93,1,92
449807,1,265,6,259
449807,2,265,6,259
449816,1,691,357,334
449816,2,691,357,334
449834,1,55,51,4
449834,4,55,51,4
449852,1,73,1,72
449852,2,73,1,72
449861,1,298,27,271
449861,2,298,27,271
449870,1,369,165,204
449870,2,157,55,102
449870,4,212,110,102
449889,1,5214,1685,3529
449889,4,5214,1685,3529
449898,1,1522,383,1139
449898,2,903,234,669
449898,4,619,149,470
449904,1,309,18,291
449904,2,309,18,291
449922,1,202,93,109
449922,4,202,93,109
449931,1,1453,585,868
449931,2,881,358,523
449931,4,572,227,345
449959,1,426,45,381
449959,2,426,45,381
449968,1,400,40,360
449968,2,400,40,360
449977,1,319,14,305
449977,2,319,14,305
449986,1,449,49,400
449986,2,449,49,400
449995,1,290,22,268
449995,2,290,22,268
450003,1,292,52,240
450003,2,292,52,240
450021,1,499,108,391
450021,2,499,108,391
450049,1,260,141,119
450049,2,260,141,119
450058,1,1023,183,840
450058,2,1023,183,840
450067,1,653,204,449
450067,2,653,204,449
450076,1,634,86,548
450076,2,634,86,548
450085,1,644,252,392
450085,2,644,252,392
450094,1,1008,561,447
450094,2,1008,561,447
450119,1,468,82,386
450119,2,468,82,386
450128,1,851,71,780
450128,2,851,71,780
450173,1,28811,1799,27012
450173,2,28811,1799,27012
450182,1,344,151,193
450182,2,344,151,193
450191,1,715,162,553
450191,2,715,162,553
450289,1,645,128,517
450289,2,645,128,517
450298,1,485,163,322
450298,2,380,130,250
450298,4,105,33,72
450304,1,227,116,111
450304,4,227,116,111
450377,1,1190,291,899
450377,2,690,175,515
450377,4,500,116,384
450395,1,205,8,197
450395,2,205,8,197
450401,1,637,78,559
450401,2,637,78,559
450456,1,110,26,84
450456,2,105,26,79
450456,4,5,0,5
450465,1,282,102,180
450465,2,282,102,180
450483,1,226,116,110
450483,2,224,114,110
450483,4,2,2,0
450526,1,920,299,621
450526,2,601,201,400
450526,4,319,98,221
450535,1,598,145,453
450535,2,257,69,188
450535,4,341,76,265
450544,1,533,229,304
450544,2,301,131,170
450544,4,232,98,134
450571,1,1419,271,1148
450571,2,1419,271,1148
450599,1,143,9,134
450599,2,143,9,134
450605,1,177,14,163
450605,2,177,14,163
450614,1,155,5,150
450614,2,155,5,150
450632,1,212,40,172
450632,2,212,40,172
450641,1,237,22,215
450641,2,237,22,215
450650,1,365,21,344
450650,2,365,21,344
450669,1,145,110,35
450669,2,145,110,35
450678,1,82,14,68
450678,2,82,14,68
450696,1,975,124,851
450696,2,975,124,851
450702,1,901,148,753
450702,2,901,148,753
450711,1,133,109,24
450711,2,133,109,24
450720,1,417,14,403
450720,2,417,14,403
450739,1,233,9,224
450739,2,233,9,224
450757,1,163,6,157
450757,2,163,6,157
450766,1,200,65,135
450766,2,41,10,31
450766,4,159,55,104
450933,1,35524,22223,13301
450933,2,26092,16929,9163
450933,4,9432,5294,4138
450942,1,722,327,395
450942,4,722,327,395
450951,1,152,94,58
450951,2,152,94,58
450960,1,164,24,140
450960,2,164,24,140
450979,1,11700,7334,4366
450979,2,7124,4737,2387
450979,4,4576,2597,1979
450988,1,341,62,279
450988,2,341,62,279
451006,1,192,64,128
451006,2,192,64,128
451033,1,12,0,12
451033,2,12,0,12
451042,1,76,4,72
451042,2,76,4,72
451051,1,115,16,99
451051,2,115,16,99
451060,1,432,279,153
451060,2,402,260,142
451060,4,30,19,11
451079,1,83,13,70
451079,4,83,13,70
451097,1,239,81,158
451097,2,239,81,158
451103,1,1770,493,1277
451103,2,1770,493,1277
451121,1,184,14,170
451121,2,184,14,170
451130,1,220,133,87
451130,4,220,133,87
451149,1,847,56,791
451149,2,847,56,791
451158,1,897,49,848
451158,2,897,49,848
451167,1,202,92,110
451167,2,202,92,110
451194,1,64,11,53
451194,2,64,11,53
451228,1,389,347,42
451228,2,389,347,42
451237,1,170,5,165
451237,2,170,5,165
451255,1,89,7,82
451255,2,89,7,82
451264,1,196,44,152
451264,2,196,44,152
451282,1,173,3,170
451282,2,173,3,170
451291,1,28,5,23
451291,2,28,5,23
451307,1,105,1,104
451307,2,105,1,104
451334,1,305,99,206
451334,2,305,99,206
451343,1,194,7,187
451343,2,194,7,187
451352,1,569,54,515
451352,2,569,54,515
451361,1,38,9,29
451361,2,38,9,29
451370,1,66,66,0
451370,2,66,66,0
451398,1,234,234,0
451398,2,234,234,0
451404,1,363,363,0
451404,2,363,363,0
451413,1,436,188,248
451413,2,436,188,248
451459,1,219,63,156
451459,2,219,63,156
451468,1,296,4,292
451468,2,296,4,292
451477,1,432,364,68
451477,2,432,364,68
451495,1,45,3,42
451495,2,45,3,42
451501,1,364,125,239
451501,2,364,125,239
451510,1,393,208,185
451510,4,393,208,185
451529,1,94,2,92
451529,2,94,2,92
451538,1,265,226,39
451538,2,265,226,39
451547,1,54,5,49
451547,2,54,5,49
451556,1,2705,1040,1665
451556,2,2705,1040,1665
451565,1,274,13,261
451565,2,274,13,261
451574,1,183,2,181
451574,2,183,2,181
451583,1,785,507,278
451583,2,785,507,278
451617,1,42,1,41
451617,2,42,1,41
451626,1,129,24,105
451626,2,129,24,105
451635,1,79,17,62
451635,2,79,17,62
451644,1,18,5,13
451644,2,18,5,13
451653,1,25,1,24
451653,2,25,1,24
451662,1,11193,4175,7018
451662,2,11193,4175,7018
451671,1,2379,943,1436
451671,2,2154,868,1286
451671,4,225,75,150
451699,1,1155,256,899
451699,2,1155,256,899
451705,1,75,30,45
451705,2,75,30,45
451714,1,416,39,377
451714,2,416,39,377
451741,1,777,242,535
451741,2,777,242,535
451750,1,1224,124,1100
451750,2,1224,124,1100
451769,1,258,88,170
451769,2,258,88,170
451796,1,1144,529,615
451796,2,1144,529,615
451820,1,1423,812,611
451820,2,1423,812,611
451848,1,289,152,137
451848,2,289,152,137
451857,1,459,78,381
451857,2,459,78,381
451866,1,477,102,375
451866,2,477,102,375
451875,1,201,51,150
451875,2,201,51,150
451884,1,267,82,185
451884,2,267,82,185
451909,1,954,72,882
451909,2,954,72,882
451918,1,174,10,164
451918,2,174,10,164
452009,1,98,2,96
452009,2,98,2,96
452018,1,229,103,126
452018,2,229,103,126
452027,1,710,366,344
452027,2,710,366,344
452036,1,414,204,210
452036,2,414,204,210
452045,1,523,282,241
452045,2,523,282,241
452054,1,377,205,172
452054,2,377,205,172
452063,1,1013,544,469
452063,2,1013,544,469
452072,1,216,8,208
452072,2,216,8,208
452081,1,856,31,825
452081,2,856,31,825
452090,1,301,120,181
452090,2,121,40,81
452090,4,180,80,100
452106,1,90,88,2
452106,2,90,88,2
452115,1,1113,160,953
452115,2,1113,160,953
452124,1,569,172,397
452124,2,569,172,397
452373,1,700,88,612
452373,2,700,88,612
452771,1,25,1,24
452771,2,25,1,24
452780,1,28,0,28
452780,2,28,0,28
452887,1,137,121,16
452887,2,137,121,16
452948,1,622,86,536
452948,2,622,86,536
453109,1,232,95,137
453109,2,232,95,137
453163,1,7244,1930,5314
453163,2,5154,1450,3704
453163,4,2090,480,1610
453215,1,1421,453,968
453215,2,1129,351,778
453215,4,292,102,190
453297,1,47,17,30
453297,2,47,17,30
453455,1,190,47,143
453455,2,190,47,143
453464,1,256,34,222
453464,2,256,34,222
453473,1,170,33,137
453473,2,170,33,137
453552,1,348,68,280
453552,2,348,68,280
453747,1,246,30,216
453747,2,246,30,216
453756,1,173,120,53
453756,2,173,120,53
453792,1,280,30,250
453792,2,280,30,250
453817,1,279,266,13
453817,2,279,266,13
454184,1,580,216,364
454184,2,580,216,364
454227,1,34828,3405,31423
454227,2,23326,2284,21042
454227,4,11502,1121,10381
454236,1,1030,129,901
454236,2,1030,129,901
454245,1,865,142,723
454245,2,865,142,723
454306,1,324,49,275
454306,2,324,49,275
454458,1,205,79,126
454458,2,205,79,126
454537,1,53,4,49
454537,2,53,4,49
454546,1,108,7,101
454546,2,108,7,101
454555,1,295,17,278
454555,2,295,17,278
454573,1,349,16,333
454573,2,349,16,333
454582,1,542,213,329
454582,2,467,182,285
454582,4,75,31,44
454591,1,113,32,81
454591,2,113,32,81
454607,1,403,18,385
454607,2,403,18,385
454616,1,316,264,52
454616,2,316,264,52
454625,1,718,110,608
454625,2,718,110,608
454652,1,191,3,188
454652,2,191,3,188
454689,1,978,499,479
454689,2,8,2,6
454689,4,970,497,473
454698,1,463,150,313
454698,2,463,150,313
454722,1,70,25,45
454722,2,70,25,45
454740,1,239,64,175
454740,2,239,64,175
454759,1,67,55,12
454759,2,67,55,12
454768,1,298,18,280
454768,2,298,18,280
454777,1,299,21,278
454777,2,299,21,278
454786,1,1907,885,1022
454786,2,1907,885,1022
454795,1,370,84,286
454795,2,370,84,286
454801,1,151,20,131
454801,2,151,20,131
454810,1,637,340,297
454810,2,637,340,297
454829,1,3702,931,2771
454829,2,1790,322,1468
454829,4,1912,609,1303
454838,1,42,12,30
454838,4,42,12,30
454847,1,97,16,81
454847,2,97,16,81
454856,1,981,140,841
454856,2,981,140,841
454865,1,567,109,458
454865,2,567,109,458
454874,1,104,5,99
454874,2,104,5,99
454883,1,514,18,496
454883,2,514,18,496
454892,1,43,2,41
454892,2,43,2,41
454908,1,369,161,208
454908,2,369,161,208
454917,1,458,65,393
454917,2,458,65,393
454926,1,475,28,447
454926,2,475,28,447
454935,1,70,0,70
454935,2,70,0,70
454944,1,183,7,176
454944,2,183,7,176
454953,1,40,0,40
454953,2,40,0,40
454962,1,54,2,52
454962,2,54,2,52
454971,1,285,11,274
454971,2,285,11,274
454980,1,149,6,143
454980,2,149,6,143
454999,1,195,7,188
454999,2,195,7,188
455008,1,223,12,211
455008,2,223,12,211
455017,1,27,1,26
455017,2,27,1,26
455026,1,157,144,13
455026,2,157,144,13
455035,1,71,44,27
455035,2,71,44,27
455053,1,68,8,60
455053,2,68,8,60
455062,1,105,2,103
455062,2,105,2,103
455071,1,100,24,76
455071,2,100,24,76
455080,1,192,12,180
455080,2,192,12,180
455099,1,99,69,30
455099,4,99,69,30
455105,1,128,2,126
455105,2,128,2,126
455114,1,13790,5968,7822
455114,2,13790,5968,7822
455141,1,372,13,359
455141,2,372,13,359
455169,1,1054,378,676
455169,4,1054,378,676
455178,1,87,31,56
455178,4,87,31,56
455187,1,118,15,103
455187,2,118,15,103
455196,1,3257,338,2919
455196,2,3257,338,2919
455202,1,596,110,486
455202,2,596,110,486
455211,1,273,15,258
455211,2,273,15,258
455220,1,74,2,72
455220,2,74,2,72
455239,1,108,2,106
455239,2,108,2,106
455257,1,428,428,0
455257,2,428,428,0
455275,1,427,13,414
455275,2,427,13,414
455284,1,352,16,336
455284,2,352,16,336
455327,1,157,29,128
455327,2,157,29,128
455336,1,317,276,41
455336,2,317,276,41
455345,1,57,7,50
455345,2,57,7,50
455354,1,371,19,352
455354,2,371,19,352
455381,1,165,1,164
455381,2,165,1,164
455390,1,462,62,400
455390,2,462,62,400
455406,1,495,255,240
455406,4,495,255,240
455433,1,332,52,280
455433,4,332,52,280
455460,1,353,52,301
455460,2,353,52,301
455479,1,1005,154,851
455479,2,1005,154,851
455488,1,553,148,405
455488,2,553,148,405
455512,1,4678,1818,2860
455512,2,4678,1818,2860
455549,1,162,19,143
455549,2,162,19,143
455558,1,341,143,198
455558,2,341,143,198
455567,1,521,276,245
455567,2,521,276,245
455585,1,124,24,100
455585,2,124,24,100
455600,1,418,96,322
455600,2,418,96,322
455619,1,740,155,585
455619,2,740,155,585
455628,1,807,276,531
455628,2,807,276,531
455655,1,731,192,539
455655,2,731,192,539
455664,1,2970,520,2450
455664,2,91,12,79
455664,4,2879,508,2371
455707,1,46,7,39
455707,2,46,7,39
455716,1,1256,406,850
455716,2,1256,406,850
455725,1,618,20,598
455725,2,618,20,598
455734,1,259,57,202
455734,2,259,57,202
455752,1,198,193,5
455752,2,198,193,5
455761,1,475,15,460
455761,2,475,15,460
455770,1,161,85,76
455770,2,161,85,76
455798,1,123,18,105
455798,2,123,18,105
455804,1,124,80,44
455804,4,124,80,44
455813,1,71,43,28
455813,4,71,43,28
455831,1,383,115,268
455831,2,383,115,268
455840,1,234,20,214
455840,2,234,20,214
455859,1,302,6,296
455859,2,302,6,296
455868,1,364,37,327
455868,2,364,37,327
455877,1,282,21,261
455877,2,282,21,261
455886,1,182,6,176
455886,2,182,6,176
455895,1,273,5,268
455895,2,273,5,268
455901,1,332,18,314
455901,2,332,18,314
455910,1,90,12,78
455910,2,90,12,78
455929,1,85,5,80
455929,2,85,5,80
455947,1,183,9,174
455947,2,183,9,174
455956,1,300,66,234
455956,2,300,66,234
455965,1,202,13,189
455965,2,202,13,189
455974,1,153,9,144
455974,2,153,9,144
455983,1,650,255,395
455983,2,650,255,395
455992,1,482,152,330
455992,4,482,152,330
456001,1,77,74,3
456001,2,77,74,3
456010,1,137,64,73
456010,2,137,64,73
456029,1,204,16,188
456029,2,204,16,188
456038,1,913,102,811
456038,2,913,102,811
456056,1,741,99,642
456056,2,741,99,642
456065,1,215,15,200
456065,2,215,15,200
456074,1,265,12,253
456074,2,265,12,253
456092,1,203,4,199
456092,2,203,4,199
456126,1,150,8,142
456126,2,150,8,142
456135,1,180,8,172
456135,2,180,8,172
456144,1,105,93,12
456144,2,105,93,12
456153,1,166,145,21
456153,2,166,145,21
456180,1,420,57,363
456180,2,420,57,363
456205,1,907,137,770
456205,2,907,137,770
456214,1,342,194,148
456214,2,342,194,148
456287,1,119,3,116
456287,2,119,3,116
456296,1,730,377,353
456296,2,730,377,353
456302,1,144,60,84
456302,2,144,60,84
456320,1,601,92,509
456320,2,601,92,509
456339,1,858,128,730
456339,2,858,128,730
456348,1,13283,3672,9611
456348,2,10584,2946,7638
456348,4,2699,726,1973
456454,1,545,188,357
456454,2,545,188,357
456481,1,134,58,76
456481,2,68,29,39
456481,4,66,29,37
456490,1,174,116,58
456490,2,137,95,42
456490,4,37,21,16
456506,1,207,7,200
456506,2,207,7,200
456515,1,366,27,339
456515,2,366,27,339
456542,1,470,245,225
456542,4,470,245,225
456551,1,91,2,89
456551,2,91,2,89
456560,1,237,143,94
456560,2,237,143,94
456579,1,1218,426,792
456579,2,1218,426,792
456588,1,86,2,84
456588,2,86,2,84
456597,1,166,9,157
456597,2,166,9,157
456612,1,764,215,549
456612,2,764,215,549
456621,1,314,121,193
456621,2,253,99,154
456621,4,61,22,39
456782,1,196,52,144
456782,2,196,52,144
456791,1,950,177,773
456791,2,950,177,773
456807,1,183,26,157
456807,2,183,26,157
456816,1,183,29,154
456816,2,183,29,154
456825,1,187,6,181
456825,2,187,6,181
456834,1,339,189,150
456834,2,25,14,11
456834,4,314,175,139
456861,1,652,82,570
456861,2,652,82,570
456922,1,429,118,311
456922,2,429,118,311
456931,1,536,268,268
456931,2,536,268,268
456940,1,647,285,362
456940,2,647,285,362
456959,1,428,122,306
456959,2,428,122,306
456968,1,708,26,682
456968,2,708,26,682
456977,1,161,39,122
456977,2,161,39,122
457004,1,97,33,64
457004,2,97,33,64
457022,1,457,99,358
457022,2,457,99,358
457031,1,79,0,79
457031,2,79,0,79
457077,1,650,42,608
457077,2,650,42,608
457086,1,200,47,153
457086,2,200,47,153
457101,1,602,179,423
457101,2,602,179,423
457110,1,518,88,430
457110,2,518,88,430
457129,1,1380,197,1183
457129,2,1380,197,1183
457174,1,381,25,356
457174,2,381,25,356
457192,1,165,109,56
457192,2,165,109,56
457208,1,160,102,58
457208,2,160,102,58
457226,1,36,26,10
457226,2,36,26,10
457244,1,106,58,48
457244,2,106,58,48
457253,1,83,5,78
457253,2,83,5,78
457271,1,74,22,52
457271,4,74,22,52
457299,1,242,67,175
457299,2,242,67,175
457314,1,248,54,194
457314,2,248,54,194
457323,1,457,14,443
457323,2,457,14,443
457332,1,47,4,43
457332,2,47,4,43
457341,1,196,7,189
457341,2,196,7,189
457350,1,58,0,58
457350,2,58,0,58
457378,1,234,84,150
457378,2,234,84,150
457387,1,419,197,222
457387,2,419,197,222
457396,1,114,40,74
457396,2,114,40,74
457402,1,43,15,28
457402,2,30,8,22
457402,4,13,7,6
457411,1,366,347,19
457411,2,366,347,19
457420,1,232,22,210
457420,2,232,22,210
457439,1,136,13,123
457439,2,136,13,123
457448,1,155,9,146
457448,2,155,9,146
457466,1,94,73,21
457466,2,94,73,21
457475,1,127,1,126
457475,2,127,1,126
457484,1,159,87,72
457484,2,132,71,61
457484,4,27,16,11
457493,1,34,1,33
457493,2,34,1,33
457527,1,692,93,599
457527,2,692,93,599
457536,1,489,65,424
457536,2,489,65,424
457545,1,176,9,167
457545,2,176,9,167
457554,1,57,3,54
457554,2,57,3,54
457563,1,233,14,219
457563,2,233,14,219
457572,1,141,7,134
457572,2,141,7,134
457581,1,294,8,286
457581,2,294,8,286
457606,1,78,21,57
457606,2,78,21,57
457615,1,51,1,50
457615,2,51,1,50
457624,1,34,0,34
457624,2,34,0,34
457633,1,239,7,232
457633,2,239,7,232
457642,1,103,1,102
457642,2,103,1,102
457651,1,130,35,95
457651,2,130,35,95
457679,1,42,2,40
457679,2,42,2,40
457688,1,521,334,187
457688,2,506,322,184
457688,4,15,12,3
457697,1,189,89,100
457697,2,177,80,97
457697,4,12,9,3
457703,1,116,53,63
457703,2,116,53,63
457721,1,25,1,24
457721,2,25,1,24
457749,1,135,7,128
457749,2,135,7,128
457767,1,397,258,139
457767,2,397,258,139
457776,1,224,22,202
457776,2,224,22,202
457785,1,157,8,149
457785,2,157,8,149
457794,1,192,48,144
457794,2,192,48,144
457800,1,1252,229,1023
457800,2,1252,229,1023
457819,1,1011,421,590
457819,2,1011,421,590
457828,1,279,74,205
457828,2,279,74,205
457837,1,220,5,215
457837,2,220,5,215
457846,1,84,17,67
457846,2,84,17,67
457855,1,136,6,130
457855,2,136,6,130
457864,1,197,41,156
457864,2,197,41,156
457873,1,326,193,133
457873,2,326,193,133
457891,1,71,3,68
457891,2,71,3,68
457916,1,106,0,106
457916,2,106,0,106
457925,1,25,11,14
457925,2,25,11,14
457943,1,92,24,68
457943,2,92,24,68
457952,1,259,11,248
457952,2,259,11,248
457961,1,46,1,45
457961,2,46,1,45
457989,1,54,1,53
457989,2,54,1,53
457998,1,71,0,71
457998,2,71,0,71
458007,1,104,1,103
458007,2,104,1,103
458016,1,162,118,44
458016,2,162,118,44
458034,1,70,17,53
458034,2,70,17,53
458043,1,124,4,120
458043,2,124,4,120
458052,1,79,2,77
458052,2,79,2,77
458061,1,84,12,72
458061,2,84,12,72
458070,1,348,28,320
458070,2,348,28,320
458098,1,111,1,110
458098,2,111,1,110
458104,1,116,1,115
458104,2,116,1,115
458113,1,70,29,41
458113,2,70,29,41
458122,1,24,0,24
458122,2,24,0,24
458131,1,480,30,450
458131,2,480,30,450
458140,1,100,90,10
458140,2,100,90,10
458159,1,112,46,66
458159,4,112,46,66
458168,1,117,2,115
458168,2,117,2,115
458186,1,466,72,394
458186,2,466,72,394
458195,1,54,34,20
458195,2,54,34,20
458210,1,2623,605,2018
458210,2,2365,554,1811
458210,4,258,51,207
458229,1,1511,364,1147
458229,2,1511,364,1147
458256,1,1648,217,1431
458256,2,1648,217,1431
458265,1,647,268,379
458265,2,647,268,379
458274,1,408,22,386
458274,2,408,22,386
458283,1,1010,108,902
458283,2,1010,108,902
458380,1,468,89,379
458380,2,468,89,379
458405,1,2063,835,1228
458405,2,2063,835,1228
458423,1,132,30,102
458423,2,132,30,102
458432,1,617,173,444
458432,2,617,173,444
458441,1,979,225,754
458441,2,979,225,754
458450,1,403,149,254
458450,2,403,149,254
458469,1,1651,521,1130
458469,2,1643,516,1127
458469,4,8,5,3
458478,1,359,56,303
458478,2,359,56,303
458496,1,744,335,409
458496,2,744,335,409
458502,1,1040,165,875
458502,2,1040,165,875
458557,1,333,45,288
458557,2,333,45,288
458575,1,196,92,104
458575,2,196,92,104
458593,1,1038,151,887
458593,2,1038,151,887
458681,1,392,82,310
458681,2,392,82,310
458690,1,686,144,542
458690,2,686,144,542
458706,1,584,42,542
458706,2,584,42,542
458733,1,261,43,218
458733,2,261,43,218
458779,1,192,30,162
458779,2,192,30,162
458803,1,207,5,202
458803,2,207,5,202
458812,1,93,2,91
458812,2,93,2,91
458821,1,91,2,89
458821,2,91,2,89
458830,1,266,9,257
458830,2,266,9,257
458849,1,186,16,170
458849,2,186,16,170
458858,1,288,18,270
458858,2,288,18,270
458867,1,415,18,397
458867,2,415,18,397
458885,1,396,95,301
458885,2,251,64,187
458885,4,145,31,114
458919,1,9669,2668,7001
458919,2,7400,2111,5289
458919,4,2269,557,1712
458955,1,445,104,341
458955,2,315,79,236
458955,4,130,25,105
458964,1,3461,878,2583
458964,2,2452,661,1791
458964,4,1009,217,792
458973,1,2810,936,1874
458973,2,2209,758,1451
458973,4,601,178,423
458982,1,1501,803,698
458982,2,1501,803,698
458991,1,225,47,178
458991,2,225,47,178
459000,1,184,13,171
459000,2,184,13,171
459019,1,152,13,139
459019,2,152,13,139
459037,1,136,6,130
459037,2,136,6,130
459046,1,140,9,131
459046,2,140,9,131
459055,1,119,10,109
459055,2,119,10,109
459064,1,184,11,173
459064,2,184,11,173
459073,1,108,6,102
459073,2,108,6,102
459082,1,165,96,69
459082,4,165,96,69
459091,1,157,113,44
459091,2,157,113,44
459107,1,783,194,589
459107,2,783,194,589
459116,1,212,19,193
459116,2,212,19,193
459125,1,25,1,24
459125,2,25,1,24
459143,1,57,3,54
459143,2,57,3,54
459161,1,168,56,112
459161,2,168,56,112
459170,1,261,36,225
459170,2,261,36,225
459189,1,162,2,160
459189,2,162,2,160
459198,1,403,25,378
459198,2,403,25,378
459204,1,2925,618,2307
459204,2,2925,618,2307
459213,1,1575,268,1307
459213,2,1575,268,1307
459222,1,105,31,74
459222,2,48,14,34
459222,4,57,17,40
459231,1,335,22,313
459231,2,335,22,313
459259,1,1134,177,957
459259,2,966,142,824
459259,4,168,35,133
459268,1,1119,229,890
459268,2,929,194,735
459268,4,190,35,155
459277,1,616,35,581
459277,2,616,35,581
459286,1,376,65,311
459286,2,376,65,311
459295,1,105,4,101
459295,2,105,4,101
459301,1,210,8,202
459301,2,210,8,202
459310,1,145,27,118
459310,2,145,27,118
459329,1,355,212,143
459329,2,355,212,143
459347,1,58,3,55
459347,2,58,3,55
459356,1,88,53,35
459356,2,88,53,35
459365,1,66,2,64
459365,2,66,2,64
459374,1,221,7,214
459374,2,221,7,214
459392,1,173,5,168
459392,2,173,5,168
459408,1,56,6,50
459408,2,56,6,50
459417,1,124,94,30
459417,2,124,94,30
459426,1,102,0,102
459426,2,102,0,102
459444,1,82,0,82
459444,2,82,0,82
459462,1,501,434,67
459462,2,501,434,67
459471,1,16,3,13
459471,2,16,3,13
459480,1,45,1,44
459480,2,45,1,44
459499,1,23,1,22
459499,2,23,1,22
459514,1,110,23,87
459514,2,110,23,87
459532,1,91,7,84
459532,2,91,7,84
459541,1,44,4,40
459541,2,44,4,40
459550,1,203,6,197
459550,2,203,6,197
459578,1,161,11,150
459578,2,161,11,150
459727,1,1366,468,898
459727,2,661,234,427
459727,4,705,234,471
459736,1,1590,632,958
459736,4,1590,632,958
459745,1,439,64,375
459745,4,439,64,375
459824,1,1450,634,816
459824,2,130,31,99
459824,4,1320,603,717
459842,1,681,148,533
459842,2,665,142,523
459842,4,16,6,10
459851,1,543,129,414
459851,2,533,125,408
459851,4,10,4,6
459949,1,5915,2181,3734
459949,2,4685,1755,2930
459949,4,1230,426,804
459958,1,710,231,479
459958,2,710,231,479
459967,1,915,316,599
459967,2,915,316,599
459985,1,906,363,543
459985,2,906,363,543
459994,1,12608,4888,7720
459994,2,8129,2894,5235
459994,4,4479,1994,2485
460011,1,249,2,247
460011,2,249,2,247
460020,1,598,180,418
460020,2,598,180,418
460039,1,837,264,573
460039,2,837,264,573
460048,1,529,101,428
460048,2,529,101,428
460057,1,53,1,52
460057,2,53,1,52
460075,1,650,438,212
460075,2,29,23,6
460075,4,621,415,206
460093,1,251,10,241
460093,2,251,10,241
460109,1,377,18,359
460109,2,377,18,359
460118,1,349,15,334
460118,2,349,15,334
460127,1,224,18,206
460127,2,224,18,206
460136,1,1609,260,1349
460136,2,1609,260,1349
460145,1,365,226,139
460145,2,365,226,139
460172,1,895,860,35
460172,2,895,860,35
460181,1,1017,153,864
460181,2,1017,153,864
460190,1,698,111,587
460190,2,698,111,587
460206,1,1110,218,892
460206,2,1110,218,892
460215,1,523,480,43
460215,2,523,480,43
460349,1,866,288,578
460349,2,465,157,308
460349,4,401,131,270
460358,1,622,92,530
460358,2,622,92,530
460376,1,1622,1112,510
460376,2,117,64,53
460376,4,1505,1048,457
460385,1,61,8,53
460385,2,61,8,53
460394,1,13708,5898,7810
460394,2,13708,5898,7810
460446,1,182,15,167
460446,2,182,15,167
460455,1,86,16,70
460455,2,86,16,70
460464,1,13771,6193,7578
460464,2,13771,6193,7578
460482,1,526,63,463
460482,2,526,63,463
460516,1,220,13,207
460516,2,220,13,207
460525,1,278,28,250
460525,2,278,28,250
460534,1,645,38,607
460534,2,645,38,607
460543,1,1658,1608,50
460543,2,1658,1608,50
460552,1,138,42,96
460552,2,138,42,96
460561,1,90,3,87
460561,2,90,3,87
460570,1,317,28,289
460570,2,317,28,289
460589,1,93,11,82
460589,2,93,11,82
460598,1,1130,223,907
460598,2,1130,223,907
460604,1,47,44,3
460604,2,47,44,3
460613,1,1084,431,653
460613,2,1084,431,653
460640,1,112,30,82
460640,2,112,30,82
460659,1,100,9,91
460659,2,100,9,91
460677,1,798,225,573
460677,2,798,225,573
460695,1,181,74,107
460695,2,181,74,107
460701,1,232,62,170
460701,2,232,62,170
460729,1,3230,1715,1515
460729,2,3230,1715,1515
460738,1,3889,449,3440
460738,2,2088,252,1836
460738,4,1801,197,1604
460747,1,424,325,99
460747,2,424,325,99
460756,1,850,115,735
460756,2,850,115,735
460765,1,96,5,91
460765,2,96,5,91
460774,1,1134,153,981
460774,2,1134,153,981
460783,1,285,37,248
460783,2,285,37,248
460808,1,44,12,32
460808,2,44,12,32
460817,1,1224,439,785
460817,2,1224,439,785
460826,1,862,154,708
460826,2,862,154,708
460835,1,1350,185,1165
460835,2,1350,185,1165
460844,1,711,133,578
460844,2,711,133,578
460853,1,583,83,500
460853,2,583,83,500
460862,1,378,34,344
460862,2,378,34,344
460871,1,659,108,551
460871,2,659,108,551
460899,1,414,167,247
460899,2,414,167,247
460905,1,77,5,72
460905,2,77,5,72
460914,1,324,7,317
460914,2,324,7,317
460923,1,865,193,672
460923,2,865,193,672
460932,1,94,1,93
460932,2,94,1,93
460950,1,80,16,64
460950,2,80,16,64
460969,1,358,36,322
460969,2,358,36,322
460978,1,293,14,279
460978,2,293,14,279
460987,1,146,8,138
460987,2,146,8,138
460996,1,143,8,135
460996,2,143,8,135
461005,1,819,97,722
461005,2,819,97,722
461014,1,1868,98,1770
461014,2,1868,98,1770
461023,1,1463,205,1258
461023,2,1334,167,1167
461023,4,129,38,91
461032,1,155,84,71
461032,2,155,84,71
461041,1,267,35,232
461041,2,267,35,232
461111,1,64,48,16
461111,2,64,48,16
461120,1,114,60,54
461120,4,114,60,54
461139,1,79,26,53
461139,4,79,26,53
461148,1,3886,2252,1634
461148,2,2728,1496,1232
461148,4,1158,756,402
461157,1,74,60,14
461157,2,74,60,14
461175,1,321,25,296
461175,2,321,25,296
461193,1,341,9,332
461193,2,341,9,332
461218,1,189,27,162
461218,2,189,27,162
461227,1,119,6,113
461227,2,119,6,113
461236,1,307,155,152
461236,2,161,75,86
461236,4,146,80,66
461245,1,255,78,177
461245,2,255,78,177
461254,1,60,7,53
461254,2,60,7,53
461263,1,102,15,87
461263,2,102,15,87
461272,1,116,1,115
461272,2,116,1,115
461281,1,541,13,528
461281,2,536,13,523
461281,4,5,0,5
461290,1,123,1,122
461290,2,123,1,122
461306,1,328,166,162
461306,2,328,166,162
461315,1,156,53,103
461315,2,156,53,103
461324,1,699,206,493
461324,2,699,206,493
461333,1,30,28,2
461333,2,30,28,2
461342,1,96,0,96
461342,2,96,0,96
461351,1,2016,477,1539
461351,2,2016,477,1539
461360,1,54,3,51
461360,2,54,3,51
461379,1,22,5,17
461379,2,22,5,17
461388,1,77,7,70
461388,2,77,7,70
461412,1,85,28,57
461412,2,85,28,57
461421,1,303,19,284
461421,2,303,19,284
461430,1,792,759,33
461430,2,792,759,33
461449,1,205,39,166
461449,2,205,39,166
461485,1,84,67,17
461485,4,84,67,17
461494,1,249,10,239
461494,2,249,10,239
461500,1,110,11,99
461500,2,110,11,99
461528,1,201,125,76
461528,2,188,112,76
461528,4,13,13,0
461537,1,29,0,29
461537,2,29,0,29
461546,1,34,1,33
461546,2,34,1,33
461555,1,247,15,232
461555,2,247,15,232
461564,1,58,45,13
461564,2,58,45,13
461573,1,142,134,8
461573,2,142,134,8
461582,1,172,8,164
461582,2,172,8,164
461591,1,203,15,188
461591,2,203,15,188
461607,1,129,11,118
461607,2,129,11,118
461625,1,61,59,2
461625,2,61,59,2
461643,1,62,7,55
461643,2,29,4,25
461643,4,33,3,30
461652,1,73,4,69
461652,2,73,4,69
461689,1,484,38,446
461689,2,484,38,446
461698,1,197,148,49
461698,2,197,148,49
461704,1,233,40,193
461704,2,233,40,193
461713,1,53,1,52
461713,2,53,1,52
461722,1,83,1,82
461722,2,83,1,82
461731,1,66,1,65
461731,2,66,1,65
461740,1,45,39,6
461740,2,45,39,6
461759,1,246,129,117
461759,2,246,129,117
461768,1,230,5,225
461768,2,230,5,225
461786,1,41,0,41
461786,2,41,0,41
461795,1,790,530,260
461795,2,530,345,185
461795,4,260,185,75
461801,1,75,1,74
461801,2,75,1,74
461810,1,86,14,72
461810,2,86,14,72
461829,1,504,82,422
461829,2,504,82,422
461838,1,257,4,253
461838,2,257,4,253
461856,1,636,304,332
461856,2,636,304,332
461865,1,394,2,392
461865,2,394,2,392
461874,1,102,31,71
461874,2,102,31,71
461883,1,352,159,193
461883,2,121,59,62
461883,4,231,100,131
461892,1,239,24,215
461892,2,239,24,215
461908,1,131,4,127
461908,2,131,4,127
461917,1,207,6,201
461917,2,207,6,201
461926,1,187,3,184
461926,2,187,3,184
461935,1,40,0,40
461935,2,40,0,40
461944,1,94,2,92
461944,2,94,2,92
461953,1,106,9,97
461953,2,106,9,97
461962,1,675,277,398
461962,2,675,277,398
461980,1,186,11,175
461980,2,186,11,175
461999,1,89,6,83
461999,2,89,6,83
462008,1,444,31,413
462008,2,444,31,413
462017,1,161,7,154
462017,2,161,7,154
462026,1,24,5,19
462026,2,24,5,19
462035,1,335,119,216
462035,2,335,119,216
462044,1,79,15,64
462044,4,79,15,64
462053,1,179,21,158
462053,2,179,21,158
462062,1,126,6,120
462062,2,126,6,120
462071,1,233,15,218
462071,2,233,15,218
462309,1,112,11,101
462309,2,112,11,101
462318,1,111,71,40
462318,2,111,71,40
462327,1,85,52,33
462327,2,85,52,33
462336,1,117,4,113
462336,2,117,4,113
462345,1,98,1,97
462345,2,98,1,97
462354,1,386,226,160
462354,2,240,138,102
462354,4,146,88,58
465812,1,10369,2594,7775
465812,2,9880,2418,7462
465812,4,489,176,313
466152,1,271,48,223
466152,2,271,48,223
466161,1,359,91,268
466161,2,359,91,268
466170,1,370,68,302
466170,2,370,68,302
466189,1,344,141,203
466189,2,344,141,203
466514,1,232,21,211
466514,2,232,21,211
466523,1,253,31,222
466523,2,253,31,222
466921,1,770,80,690
466921,2,770,80,690
466930,1,1029,168,861
466930,2,1029,168,861
467094,1,405,12,393
467094,2,405,12,393
467368,1,580,66,514
467368,2,580,66,514
467784,1,794,85,709
467784,2,794,85,709
467793,1,143,38,105
467793,2,143,38,105
467863,1,259,19,240
467863,2,259,19,240
467872,1,304,11,293
467872,2,304,11,293
467906,1,243,12,231
467906,2,243,12,231
468006,1,69,29,40
468006,4,69,29,40
468015,1,202,104,98
468015,2,202,104,98
468024,1,936,165,771
468024,2,614,105,509
468024,4,322,60,262
468246,1,264,28,236
468246,2,264,28,236
468255,1,151,8,143
468255,2,151,8,143
468398,1,307,142,165
468398,2,307,142,165
468705,1,154,10,144
468705,2,154,10,144
468723,1,1401,379,1022
468723,2,1378,369,1009
468723,4,23,10,13
468732,1,301,65,236
468732,2,301,65,236
468769,1,205,70,135
468769,2,205,70,135
468848,1,612,236,376
468848,2,612,236,376
468875,1,161,4,157
468875,2,161,4,157
468893,1,224,13,211
468893,2,224,13,211
468909,1,751,320,431
468909,2,751,320,431
468963,1,620,599,21
468963,2,620,599,21
469054,1,696,121,575
469054,2,696,121,575
469124,1,588,212,376
469124,2,588,212,376
469133,1,410,108,302
469133,2,410,108,302
469142,1,509,123,386
469142,2,509,123,386
469151,1,228,61,167
469151,2,228,61,167
469160,1,360,127,233
469160,2,360,127,233
469197,1,173,4,169
469197,2,173,4,169
469407,1,104,35,69
469407,2,104,35,69
469416,1,872,212,660
469416,2,872,212,660
469586,1,155,43,112
469586,2,155,43,112
469610,1,984,78,906
469610,2,984,78,906
469629,1,328,307,21
469629,2,328,307,21
469638,1,417,213,204
469638,2,417,213,204
469647,1,341,37,304
469647,2,341,37,304
469911,1,473,50,423
469911,2,473,50,423
469920,1,410,26,384
469920,2,410,26,384
469957,1,239,12,227
469957,2,239,12,227
469993,1,26,0,26
469993,2,26,0,26
470038,1,999,397,602
470038,2,999,397,602
470047,1,62,20,42
470047,2,62,20,42
470092,1,375,188,187
470092,2,375,188,187
470162,1,1023,279,744
470162,2,1023,279,744
470296,1,37,6,31
470296,2,37,6,31
470393,1,121,9,112
470393,2,121,9,112
474863,1,2594,753,1841
474863,2,2339,676,1663
474863,4,255,77,178
474881,1,154,120,34
474881,2,154,120,34
474890,1,966,323,643
474890,2,966,323,643
474906,1,169,30,139
474906,2,169,30,139
474915,1,556,28,528
474915,2,556,28,528
474924,1,225,6,219
474924,2,225,6,219
474933,1,128,11,117
474933,2,128,11,117
474942,1,142,2,140
474942,2,142,2,140
474997,1,574,258,316
474997,2,574,258,316
475015,1,246,8,238
475015,2,246,8,238
475024,1,403,162,241
475024,2,403,162,241
475033,1,1903,535,1368
475033,4,1903,535,1368
475042,1,399,74,325
475042,2,399,74,325
475060,1,788,151,637
475060,2,788,151,637
475079,1,141,15,126
475079,2,141,15,126
475097,1,245,131,114
475097,2,245,131,114
475121,1,16170,3156,13014
475121,2,10798,2296,8502
475121,4,5372,860,4512
475130,1,401,21,380
475130,2,401,21,380
475185,1,151,89,62
475185,2,151,89,62
475194,1,521,52,469
475194,2,521,52,469
475200,1,407,131,276
475200,2,382,122,260
475200,4,25,9,16
475228,1,81,44,37
475228,4,81,44,37
475255,1,99,68,31
475255,2,99,68,31
475273,1,2149,475,1674
475273,2,1504,316,1188
475273,4,645,159,486
475282,1,114,32,82
475282,2,114,32,82
475291,1,138,29,109
475291,2,138,29,109
475325,1,636,75,561
475325,2,636,75,561
475352,1,1035,214,821
475352,2,1035,214,821
475370,1,1289,243,1046
475370,2,1289,243,1046
475389,1,72,3,69
475389,2,72,3,69
475398,1,294,157,137
475398,2,159,87,72
475398,4,135,70,65
475404,1,120,1,119
475404,2,120,1,119
475413,1,65,9,56
475413,2,65,9,56
475422,1,143,19,124
475422,2,143,19,124
475431,1,261,23,238
475431,2,261,23,238
475459,1,741,388,353
475459,2,741,388,353
475468,1,175,10,165
475468,2,175,10,165
475477,1,350,95,255
475477,2,350,95,255
475486,1,446,17,429
475486,2,446,17,429
475495,1,649,225,424
475495,4,649,225,424
475501,1,74,62,12
475501,2,74,62,12
475510,1,61,5,56
475510,4,61,5,56
475529,1,22,1,21
475529,2,22,1,21
475538,1,57,5,52
475538,2,57,5,52
475547,1,194,20,174
475547,2,194,20,174
475556,1,225,9,216
475556,2,225,9,216
475565,1,940,403,537
475565,2,940,403,537
475574,1,131,76,55
475574,2,131,76,55
475583,1,147,36,111
475583,2,147,36,111
475592,1,53,4,49
475592,2,53,4,49
475608,1,354,266,88
475608,2,260,204,56
475608,4,94,62,32
475617,1,965,136,829
475617,2,965,136,829
475626,1,71,2,69
475626,2,71,2,69
475635,1,30,7,23
475635,2,30,7,23
475644,1,69,23,46
475644,2,69,23,46
475653,1,9,3,6
475653,2,9,3,6
475662,1,191,7,184
475662,2,191,7,184
475699,1,323,59,264
475699,2,323,59,264
475705,1,22,7,15
475705,2,22,7,15
475714,1,642,481,161
475714,2,642,481,161
475723,1,745,342,403
475723,2,745,342,403
475732,1,1371,136,1235
475732,2,1371,136,1235
475741,1,386,32,354
475741,2,386,32,354
475750,1,448,43,405
475750,2,448,43,405
475811,1,3346,1510,1836
475811,4,3346,1510,1836
475839,1,259,97,162
475839,2,259,97,162
475866,1,862,128,734
475866,2,862,128,734
476063,1,224,216,8
476063,2,224,216,8
476179,1,227,8,219
476179,2,227,8,219
476230,1,155,13,142
476230,2,155,13,142
476294,1,234,21,213
476294,2,234,21,213
476337,1,178,175,3
476337,2,178,175,3
476346,1,494,138,356
476346,2,494,138,356
476355,1,179,108,71
476355,2,179,108,71
476470,1,511,213,298
476470,2,511,213,298
476489,1,196,174,22
476489,2,196,174,22
476498,1,301,230,71
476498,2,301,230,71
476513,1,89,7,82
476513,2,89,7,82
476522,1,299,24,275
476522,2,299,24,275
476531,1,77,37,40
476531,2,77,37,40
476540,1,201,15,186
476540,2,201,15,186
476559,1,162,10,152
476559,2,162,10,152
476568,1,35,28,7
476568,2,35,28,7
476577,1,281,79,202
476577,2,281,79,202
476586,1,129,1,128
476586,2,129,1,128
476595,1,87,6,81
476595,2,87,6,81
476601,1,58,58,0
476601,2,58,58,0
476610,1,94,77,17
476610,2,94,77,17
476629,1,140,6,134
476629,2,140,6,134
476674,1,78,7,71
476674,2,78,7,71
476683,1,217,15,202
476683,2,217,15,202
476692,1,25,25,0
476692,2,25,25,0
476708,1,173,136,37
476708,2,173,136,37
476717,1,502,502,0
476717,2,502,502,0
476726,1,646,145,501
476726,2,646,145,501
476735,1,92,35,57
476735,2,92,35,57
476744,1,113,6,107
476744,2,113,6,107
476753,1,238,13,225
476753,2,238,13,225
476771,1,45,30,15
476771,2,45,30,15
476780,1,402,52,350
476780,2,402,52,350
476799,1,195,45,150
476799,2,195,45,150
476805,1,69,1,68
476805,2,69,1,68
476814,1,243,209,34
476814,2,243,209,34
476823,1,90,3,87
476823,2,90,3,87
476841,1,280,27,253
476841,2,280,27,253
476850,1,105,68,37
476850,2,105,68,37
476869,1,290,14,276
476869,2,290,14,276
476878,1,120,2,118
476878,2,120,2,118
476887,1,156,2,154
476887,2,156,2,154
476896,1,132,8,124
476896,2,132,8,124
476902,1,54,8,46
476902,2,54,8,46
476911,1,312,275,37
476911,2,312,275,37
476939,1,276,55,221
476939,2,276,55,221
476948,1,647,554,93
476948,2,647,554,93
476957,1,14,1,13
476957,2,14,1,13
476966,1,350,327,23
476966,2,350,327,23
476975,1,15610,7013,8597
476975,2,11436,5375,6061
476975,4,4174,1638,2536
476984,1,283,15,268
476984,2,283,15,268
476993,1,267,1,266
476993,2,267,1,266
477002,1,80,1,79
477002,2,80,1,79
477039,1,672,100,572
477039,2,670,100,570
477039,4,2,0,2
477950,1,239,98,141
477950,2,239,98,141
477996,1,198,44,154
477996,2,198,44,154
478005,1,226,63,163
478005,2,226,63,163
478014,1,215,43,172
478014,2,215,43,172
478582,1,227,9,218
478582,2,227,9,218
478591,1,239,13,226
478591,2,239,13,226
478616,1,143,7,136
478616,2,143,7,136
478634,1,544,248,296
478634,2,544,248,296
478661,1,284,60,224
478661,2,284,60,224
478917,1,85,3,82
478917,2,85,3,82
478953,1,278,17,261
478953,2,278,17,261
479053,1,245,79,166
479053,2,245,79,166
479062,1,8,8,0
479062,2,8,8,0
479248,1,251,80,171
479248,2,251,80,171
479424,1,242,39,203
479424,2,242,39,203
479956,1,17855,9163,8692
479956,2,10498,5105,5393
479956,4,7357,4058,3299
479965,1,197,30,167
479965,2,197,30,167
479974,1,124,64,60
479974,2,124,64,60
479983,1,88,4,84
479983,2,88,4,84
479992,1,75,71,4
479992,2,75,71,4
480000,1,74,53,21
480000,2,74,53,21
480019,1,591,561,30
480019,2,591,561,30
480028,1,97,76,21
480028,2,97,76,21
480037,1,991,874,117
480037,2,991,874,117
480064,1,825,125,700
480064,2,770,116,654
480064,4,55,9,46
480073,1,662,192,470
480073,2,590,177,413
480073,4,72,15,57
480082,1,727,124,603
480082,2,619,97,522
480082,4,108,27,81
480091,1,10440,1585,8855
480091,2,10440,1585,8855
480107,1,678,42,636
480107,2,678,42,636
480125,1,367,30,337
480125,2,367,30,337
480134,1,778,272,506
480134,2,622,206,416
480134,4,156,66,90
480143,1,404,68,336
480143,2,404,68,336
480161,1,31,3,28
480161,2,31,3,28
480170,1,105,2,103
480170,2,105,2,103
480189,1,997,333,664
480189,2,997,333,664
480198,1,1357,419,938
480198,2,1224,378,846
480198,4,133,41,92
480204,1,636,128,508
480204,2,636,128,508
480301,1,151,60,91
480301,4,151,60,91
480310,1,206,11,195
480310,2,206,11,195
480329,1,567,49,518
480329,2,567,49,518
480338,1,304,23,281
480338,2,304,23,281
480347,1,112,6,106
480347,2,112,6,106
480471,1,455,102,353
480471,2,455,102,353
480480,1,88,12,76
480480,2,88,12,76
480499,1,51,32,19
480499,2,18,8,10
480499,4,33,24,9
480514,1,662,250,412
480514,2,662,250,412
480523,1,171,11,160
480523,2,171,11,160
480532,1,225,12,213
480532,2,225,12,213
480550,1,213,15,198
480550,2,213,15,198
480569,1,5625,2587,3038
480569,2,3802,1560,2242
480569,4,1823,1027,796
480657,1,447,91,356
480657,2,447,91,356
480693,1,142,43,99
480693,2,142,43,99
480727,1,63,61,2
480727,2,63,61,2
480736,1,37,27,10
480736,2,37,27,10
480781,1,326,203,123
480781,2,237,156,81
480781,4,89,47,42
480790,1,632,357,275
480790,4,632,357,275
480815,1,765,132,633
480815,2,765,132,633
480824,1,342,69,273
480824,2,342,69,273
480833,1,833,118,715
480833,2,833,118,715
480842,1,32,14,18
480842,2,32,14,18
480851,1,203,102,101
480851,2,203,102,101
480879,1,67,12,55
480879,2,67,12,55
480888,1,346,91,255
480888,2,346,91,255
480903,1,951,920,31
480903,2,951,920,31
480912,1,24,8,16
480912,2,24,8,16
480921,1,50,23,27
480921,2,50,23,27
480930,1,200,5,195
480930,2,200,5,195
480967,1,342,140,202
480967,2,342,140,202
480976,1,74,1,73
480976,2,74,1,73
480985,1,283,1,282
480985,2,276,1,275
480985,4,7,0,7
480994,1,89,3,86
480994,2,89,3,86
481003,1,310,280,30
481003,2,310,280,30
481021,1,57,36,21
481021,2,57,36,21
481030,1,49,34,15
481030,4,49,34,15
481049,1,46,3,43
481049,2,46,3,43
481058,1,235,119,116
481058,2,110,55,55
481058,4,125,64,61
481085,1,426,31,395
481085,2,426,31,395
481094,1,221,25,196
481094,4,221,25,196
481100,1,100,18,82
481100,2,100,18,82
481128,1,709,121,588
481128,2,709,121,588
481137,1,55,32,23
481137,2,55,32,23
481146,1,229,22,207
481146,2,229,22,207
481155,1,268,136,132
481155,2,268,136,132
481164,1,261,164,97
481164,2,261,164,97
481182,1,67,8,59
481182,2,67,8,59
481191,1,290,123,167
481191,2,290,123,167
481207,1,199,71,128
481207,2,199,71,128
481225,1,24,14,10
481225,2,24,14,10
481234,1,754,344,410
481234,2,754,344,410
481243,1,236,1,235
481243,2,236,1,235
481289,1,106,20,86
481289,2,106,20,86
481298,1,92,7,85
481298,2,92,7,85
481313,1,142,4,138
481313,2,142,4,138
481322,1,91,4,87
481322,2,91,4,87
481331,1,132,113,19
481331,2,132,113,19
481340,1,78,3,75
481340,2,78,3,75
481359,1,50,3,47
481359,2,50,3,47
481368,1,73,4,69
481368,2,73,4,69
481377,1,32,30,2
481377,2,32,30,2
481386,1,187,33,154
481386,2,187,33,154
481395,1,45,6,39
481395,2,45,6,39
481401,1,456,331,125
481401,2,183,140,43
481401,4,273,191,82
481410,1,78,78,0
481410,2,78,78,0
481429,1,218,33,185
481429,2,218,33,185
481438,1,74,74,0
481438,2,74,74,0
481447,1,88,6,82
481447,2,88,6,82
481456,1,30,0,30
481456,2,30,0,30
481465,1,92,2,90
481465,2,92,2,90
481474,1,83,3,80
481474,2,83,3,80
481483,1,211,13,198
481483,2,211,13,198
481508,1,269,18,251
481508,2,269,18,251
481517,1,124,7,117
481517,2,124,7,117
481526,1,184,4,180
481526,2,184,4,180
481544,1,94,67,27
481544,2,94,67,27
481562,1,150,12,138
481562,2,150,12,138
481571,1,14,1,13
481571,2,14,1,13
481599,1,300,33,267
481599,2,300,33,267
481669,1,77,75,2
481669,2,77,75,2
481678,1,114,10,104
481678,2,114,10,104
481720,1,717,136,581
481720,2,632,120,512
481720,4,85,16,69
481739,1,141,6,135
481739,2,141,6,135
481748,1,194,9,185
481748,2,194,9,185
481766,1,333,20,313
481766,2,333,20,313
481845,1,219,5,214
481845,2,219,5,214
481854,1,838,129,709
481854,2,838,129,709
481863,1,300,7,293
481863,2,300,7,293
481890,1,124,5,119
481890,2,124,5,119
481906,1,248,15,233
481906,2,248,15,233
481915,1,345,192,153
481915,2,345,192,153
481942,1,443,133,310
481942,2,443,133,310
481960,1,229,87,142
481960,2,229,87,142
481988,1,539,442,97
481988,2,539,442,97
482015,1,776,343,433
482015,2,776,343,433
482024,1,149,60,89
482024,2,149,60,89
482033,1,122,0,122
482033,2,122,0,122
482060,1,591,50,541
482060,2,591,50,541
482097,1,519,352,167
482097,2,519,352,167
482103,1,87,11,76
482103,2,87,11,76
482149,1,8854,3319,5535
482149,2,5445,1985,3460
482149,4,3409,1334,2075
482158,1,9639,4031,5608
482158,2,9639,4031,5608
482167,1,106,2,104
482167,2,106,2,104
482176,1,348,20,328
482176,2,348,20,328
482185,1,107,72,35
482185,2,107,72,35
482194,1,96,14,82
482194,2,96,14,82
482200,1,116,6,110
482200,2,116,6,110
482228,1,131,85,46
482228,2,97,62,35
482228,4,34,23,11
482246,1,43,39,4
482246,2,43,39,4
482255,1,384,359,25
482255,2,384,359,25
482291,1,1086,209,877
482291,2,1086,209,877
482307,1,176,55,121
482307,2,176,55,121
482316,1,244,68,176
482316,2,244,68,176
482325,1,240,67,173
482325,2,240,67,173
482334,1,318,108,210
482334,2,318,108,210
482343,1,172,45,127
482343,2,172,45,127
482361,1,338,80,258
482361,2,338,80,258
482370,1,237,49,188
482370,2,237,49,188
482398,1,509,232,277
482398,2,509,232,277
482413,1,2823,1715,1108
482413,2,1763,1161,602
482413,4,1060,554,506
482422,1,1740,1109,631
482422,2,1302,884,418
482422,4,438,225,213
482431,1,9098,5396,3702
482431,2,7224,4365,2859
482431,4,1874,1031,843
482440,1,1037,571,466
482440,2,820,467,353
482440,4,217,104,113
482459,1,2935,1580,1355
482459,2,2030,1125,905
482459,4,905,455,450
482468,1,3747,1615,2132
482468,2,2647,1202,1445
482468,4,1100,413,687
482477,1,34419,14112,20307
482477,2,25843,10589,15254
482477,4,8576,3523,5053
482486,1,325,138,187
482486,2,191,101,90
482486,4,134,37,97
482538,1,774,456,318
482538,2,521,344,177
482538,4,253,112,141
482547,1,480,279,201
482547,2,325,198,127
482547,4,155,81,74
482556,1,1823,1257,566
482556,2,1545,1114,431
482556,4,278,143,135
482565,1,711,314,397
482565,2,458,231,227
482565,4,253,83,170
482574,1,3472,1850,1622
482574,2,2745,1542,1203
482574,4,727,308,419
482583,1,249,110,139
482583,2,178,79,99
482583,4,71,31,40
482608,1,1064,584,480
482608,2,815,463,352
482608,4,249,121,128
482617,1,417,191,226
482617,2,272,132,140
482617,4,145,59,86
482635,1,2715,1650,1065
482635,2,1857,1196,661
482635,4,858,454,404
482653,1,1472,862,610
482653,2,787,473,314
482653,4,685,389,296
482680,1,20724,9216,11508
482680,2,20064,9008,11056
482680,4,660,208,452
482699,1,3340,1220,2120
482699,2,3340,1220,2120
482705,1,13328,5676,7652
482705,2,4241,1886,2355
482705,4,9087,3790,5297
482927,1,397,165,232
482927,2,397,165,232
482936,1,987,837,150
482936,2,948,806,142
482936,4,39,31,8
482954,1,720,231,489
482954,2,720,231,489
482963,1,580,136,444
482963,2,580,136,444
482972,1,119,30,89
482972,2,119,30,89
482981,1,285,224,61
482981,2,285,224,61
482990,1,628,97,531
482990,2,628,97,531
483009,1,161,14,147
483009,2,161,14,147
483018,1,272,85,187
483018,2,272,85,187
483036,1,3422,1346,2076
483036,2,2652,1050,1602
483036,4,770,296,474
483045,1,11686,4385,7301
483045,2,11686,4385,7301
483054,1,86,75,11
483054,2,86,75,11
483106,1,207,14,193
483106,2,207,14,193
483124,1,31119,12732,18387
483124,2,24801,10802,13999
483124,4,6318,1930,4388
483212,1,5349,2240,3109
483212,2,5349,2240,3109
483221,1,475,204,271
483221,2,475,204,271
483230,1,184,182,2
483230,2,184,182,2
483258,1,51,48,3
483258,2,51,48,3
483276,1,72,63,9
483276,2,72,63,9
483319,1,618,101,517
483319,2,618,101,517
483328,1,212,10,202
483328,2,212,10,202
483337,1,186,11,175
483337,2,186,11,175
483346,1,58,4,54
483346,2,58,4,54
483355,1,394,12,382
483355,2,394,12,382
483364,1,320,1,319
483364,2,320,1,319
483373,1,93,8,85
483373,2,93,8,85
483382,1,296,295,1
483382,2,296,295,1
483425,1,73,5,68
483425,2,73,5,68
483443,1,268,214,54
483443,2,268,214,54
483470,1,136,14,122
483470,2,136,14,122
483504,1,781,200,581
483504,2,781,200,581
483513,1,48,6,42
483513,2,48,6,42
483522,1,77,28,49
483522,2,77,28,49
483559,1,43,2,41
483559,2,43,2,41
483568,1,123,27,96
483568,2,123,27,96
483577,1,25,5,20
483577,2,25,5,20
483586,1,95,59,36
483586,2,18,11,7
483586,4,77,48,29
483595,1,36,14,22
483595,4,36,14,22
483610,1,126,3,123
483610,2,126,3,123
483629,1,422,308,114
483629,2,422,308,114
483638,1,303,39,264
483638,2,303,39,264
483647,1,61,6,55
483647,2,61,6,55
483665,1,66,7,59
483665,2,66,7,59
483674,1,159,2,157
483674,2,159,2,157
483692,1,146,8,138
483692,2,146,8,138
483708,1,664,80,584
483708,2,664,80,584
483717,1,51,3,48
483717,2,51,3,48
483726,1,48,0,48
483726,2,48,0,48
483735,1,70,3,67
483735,2,70,3,67
483744,1,110,94,16
483744,2,110,94,16
483753,1,93,80,13
483753,2,93,80,13
483780,1,555,311,244
483780,2,324,171,153
483780,4,231,140,91
483799,1,57,15,42
483799,2,57,15,42
483805,1,152,89,63
483805,2,152,89,63
483814,1,321,49,272
483814,2,321,49,272
483823,1,288,267,21
483823,2,288,267,21
483841,1,724,122,602
483841,2,724,122,602
483850,1,34,8,26
483850,2,34,8,26
483869,1,121,13,108
483869,2,121,13,108
483878,1,191,33,158
483878,2,191,33,158
483887,1,73,19,54
483887,2,73,19,54
483896,1,211,9,202
483896,2,211,9,202
483902,1,68,6,62
483902,2,68,6,62
483911,1,18,2,16
483911,2,18,2,16
483920,1,172,140,32
483920,2,172,140,32
483939,1,31,17,14
483939,2,31,17,14
483948,1,53,43,10
483948,2,53,43,10
483957,1,57,3,54
483957,2,57,3,54
483966,1,43,7,36
483966,2,43,7,36
483975,1,471,291,180
483975,4,471,291,180
483984,1,150,109,41
483984,2,150,109,41
484002,1,765,56,709
484002,2,765,56,709
484011,1,165,11,154
484011,2,165,11,154
484020,1,47,39,8
484020,2,47,39,8
484039,1,114,20,94
484039,2,114,20,94
484048,1,28,25,3
484048,2,28,25,3
484057,1,348,28,320
484057,2,348,28,320
484066,1,355,10,345
484066,2,355,10,345
484075,1,42,35,7
484075,2,42,35,7
484084,1,68,1,67
484084,2,68,1,67
484093,1,39,0,39
484093,2,39,0,39
484109,1,100,8,92
484109,2,100,8,92
484118,1,78,4,74
484118,2,78,4,74
484127,1,151,28,123
484127,2,151,28,123
484136,1,68,12,56
484136,2,68,12,56
484145,1,164,58,106
484145,2,164,58,106
484154,1,230,118,112
484154,2,230,118,112
484163,1,144,31,113
484163,2,144,31,113
484172,1,121,41,80
484172,2,121,41,80
484181,1,170,27,143
484181,2,170,27,143
484190,1,55,48,7
484190,2,55,48,7
484206,1,140,6,134
484206,2,140,6,134
484303,1,68,7,61
484303,2,68,7,61
484321,1,173,18,155
484321,2,173,18,155
484330,1,154,1,153
484330,2,154,1,153
484349,1,293,7,286
484349,2,293,7,286
484358,1,391,23,368
484358,2,391,23,368
484367,1,335,38,297
484367,2,335,38,297
484376,1,507,56,451
484376,2,507,56,451
484385,1,504,96,408
484385,2,504,96,408
484394,1,205,4,201
484394,2,205,4,201
484473,1,2184,938,1246
484473,2,2184,938,1246
484598,1,32,0,32
484598,2,32,0,32
484604,1,557,16,541
484604,2,557,16,541
484613,1,236969,72524,164445
484613,2,185064,58118,126946
484613,4,51905,14406,37499
484622,1,249,62,187
484622,2,240,60,180
484622,4,9,2,7
484631,1,21654,11415,10239
484631,2,17967,9784,8183
484631,4,3687,1631,2056
484640,1,1261,618,643
484640,2,1037,526,511
484640,4,224,92,132
484668,1,2784,1400,1384
484668,2,2225,1140,1085
484668,4,559,260,299
484677,1,1989,772,1217
484677,2,1737,678,1059
484677,4,252,94,158
484686,1,568,144,424
484686,2,469,120,349
484686,4,99,24,75
484695,1,887,243,644
484695,2,708,190,518
484695,4,179,53,126
484701,1,592,177,415
484701,2,553,161,392
484701,4,39,16,23
484710,1,1687,721,966
484710,2,1355,597,758
484710,4,332,124,208
484729,1,589,228,361
484729,2,482,183,299
484729,4,107,45,62
484738,1,246,81,165
484738,2,230,76,154
484738,4,16,5,11
484747,1,1596,482,1114
484747,2,1410,419,991
484747,4,186,63,123
484756,1,4730,2392,2338
484756,2,4007,2019,1988
484756,4,723,373,350
484765,1,1084,647,437
484765,2,825,484,341
484765,4,259,163,96
484783,1,503,150,353
484783,2,483,144,339
484783,4,20,6,14
484826,1,139,11,128
484826,2,139,11,128
484835,1,350,103,247
484835,2,350,103,247
484844,1,111,58,53
484844,2,111,58,53
484862,1,268,118,150
484862,2,1,1,0
484862,4,267,117,150
484871,1,108,108,0
484871,2,108,108,0
484880,1,333,61,272
484880,2,333,61,272
484899,1,251,8,243
484899,2,251,8,243
484905,1,3281,1083,2198
484905,2,2575,816,1759
484905,4,706,267,439
484923,1,155,1,154
484923,2,155,1,154
484932,1,3300,1449,1851
484932,2,3300,1449,1851
484950,1,213,15,198
484950,2,213,15,198
484978,1,632,118,514
484978,2,632,118,514
484996,1,110,4,106
484996,2,110,4,106
485014,1,140,1,139
485014,2,140,1,139
485032,1,279,20,259
485032,2,279,20,259
485078,1,384,150,234
485078,2,368,134,234
485078,4,16,16,0
485111,1,13816,5437,8379
485111,2,13816,5437,8379
485120,1,283,9,274
485120,2,283,9,274
485139,1,306,269,37
485139,2,306,269,37
485166,1,138,29,109
485166,2,138,29,109
485193,1,27,1,26
485193,2,27,1,26
485236,1,36,2,34
485236,2,36,2,34
485245,1,21,0,21
485245,2,21,0,21
485263,1,1394,630,764
485263,2,1394,630,764
485272,1,514,71,443
485272,2,514,71,443
485281,1,289,78,211
485281,2,289,78,211
485290,1,644,225,419
485290,4,644,225,419
485306,1,61,6,55
485306,2,61,6,55
485342,1,44,16,28
485342,2,44,16,28
485351,1,401,200,201
485351,2,401,200,201
485360,1,25,2,23
485360,2,25,2,23
485379,1,316,85,231
485379,2,316,85,231
485388,1,424,91,333
485388,2,424,91,333
485397,1,216,9,207
485397,2,216,9,207
485403,1,33,9,24
485403,4,33,9,24
485412,1,82,21,61
485412,2,82,21,61
485421,1,246,98,148
485421,2,246,98,148
485458,1,3686,1509,2177
485458,2,3686,1509,2177
485476,1,66,6,60
485476,2,66,6,60
485485,1,120,16,104
485485,2,120,16,104
485494,1,113,100,13
485494,2,113,100,13
485500,1,58,55,3
485500,2,58,55,3
485519,1,1074,752,322
485519,2,1074,752,322
485528,1,30,18,12
485528,2,30,18,12
485537,1,26,9,17
485537,4,26,9,17
485546,1,571,350,221
485546,2,51,24,27
485546,4,520,326,194
485564,1,211,12,199
485564,2,211,12,199
485573,1,68,7,61
485573,2,68,7,61
485582,1,154,7,147
485582,2,154,7,147
485591,1,37,3,34
485591,2,37,3,34
485607,1,47,2,45
485607,2,47,2,45
485704,1,25,6,19
485704,2,25,6,19
485731,1,17,0,17
485731,2,17,0,17
485768,1,323,182,141
485768,2,163,90,73
485768,4,160,92,68
485801,1,137,11,126
485801,2,137,11,126
485810,1,34,27,7
485810,2,34,27,7
485856,1,49,14,35
485856,2,49,14,35
485874,1,121,3,118
485874,2,121,3,118
485908,1,202,29,173
485908,2,202,29,173
485953,1,55,52,3
485953,2,55,52,3
485962,1,18,14,4
485962,2,18,14,4
485999,1,130,130,0
485999,2,130,130,0
486017,1,42,42,0
486017,2,42,42,0
486026,1,83,83,0
486026,2,83,83,0
486053,1,214,176,38
486053,2,135,97,38
486053,4,79,79,0
486080,1,10,8,2
486080,4,10,8,2
486099,1,121,50,71
486099,2,121,50,71
486105,1,7,0,7
486105,2,7,0,7
486123,1,43,23,20
486123,2,43,23,20
486141,1,36,6,30
486141,2,36,6,30
486150,1,194,51,143
486150,2,194,51,143
486169,1,68,58,10
486169,2,68,58,10
486187,1,121,13,108
486187,2,121,13,108
486196,1,219,219,0
486196,2,219,219,0
486202,1,49,12,37
486202,2,49,12,37
486220,1,19,2,17
486220,2,19,2,17
486239,1,206,88,118
486239,2,188,84,104
486239,4,18,4,14
486248,1,156,79,77
486248,2,156,79,77
486257,1,291,146,145
486257,2,291,146,145
486284,1,239,78,161
486284,2,195,51,144
486284,4,44,27,17
486309,1,25,1,24
486309,2,25,1,24
486327,1,22,0,22
486327,2,22,0,22
486345,1,198,196,2
486345,2,198,196,2
486354,1,52,28,24
486354,2,52,28,24
486372,1,50,36,14
486372,2,50,36,14
486381,1,90,10,80
486381,2,90,10,80
486390,1,267,160,107
486390,2,267,160,107
486406,1,32,2,30
486406,2,32,2,30
486415,1,128,15,113
486415,2,128,15,113
486424,1,93,14,79
486424,2,93,14,79
486433,1,164,64,100
486433,4,164,64,100
486442,1,92,1,91
486442,2,92,1,91
486460,1,48,16,32
486460,4,48,16,32
486488,1,64,44,20
486488,2,64,44,20
486497,1,70,59,11
486497,2,70,59,11
486503,1,63,4,59
486503,2,63,4,59
486512,1,109,53,56
486512,2,109,53,56
486521,1,4,1,3
486521,2,4,1,3
486530,1,134,3,131
486530,2,134,3,131
486558,1,279,262,17
486558,2,279,262,17
486567,1,230,12,218
486567,2,230,12,218
486576,1,372,110,262
486576,2,372,110,262
486594,1,79,35,44
486594,2,79,35,44
486600,1,20,4,16
486600,2,20,4,16
486619,1,68,5,63
486619,2,68,5,63
486691,1,144,5,139
486691,2,144,5,139
486707,1,281,14,267
486707,2,281,14,267
486716,1,99,4,95
486716,2,99,4,95
486725,1,30,5,25
486725,2,30,5,25
486734,1,92,34,58
486734,2,92,34,58
486752,1,177,7,170
486752,2,177,7,170
486770,1,455,144,311
486770,2,455,144,311
486798,1,1104,1066,38
486798,2,1104,1066,38
486813,1,160,41,119
486813,2,160,41,119
486822,1,366,45,321
486822,2,366,45,321
486840,1,38825,19298,19527
486840,2,35348,17907,17441
486840,4,3477,1391,2086
486859,1,72,5,67
486859,2,72,5,67
486868,1,31,0,31
486868,2,31,0,31
486877,1,12,0,12
486877,2,12,0,12
486886,1,12,1,11
486886,2,12,1,11
486901,1,1317,516,801
486901,2,946,359,587
486901,4,371,157,214
486938,1,253,47,206
486938,2,253,47,206
486947,1,302,29,273
486947,2,302,29,273
486956,1,274,31,243
486956,2,274,31,243
486965,1,110,43,67
486965,2,110,43,67
486983,1,38,3,35
486983,2,38,3,35
487010,1,3197,1285,1912
487010,2,269,29,240
487010,4,2928,1256,1672
487047,1,470,31,439
487047,2,470,31,439
487065,1,72,9,63
487065,2,72,9,63
487083,1,66,4,62
487083,2,66,4,62
487092,1,968,422,546
487092,2,968,422,546
487144,1,130,79,51
487144,2,130,79,51
487153,1,16,2,14
487153,4,16,2,14
487162,1,4965,1693,3272
487162,2,4965,1693,3272
487232,1,82,3,79
487232,2,82,3,79
487250,1,15,10,5
487250,2,15,10,5
487296,1,580,248,332
487296,2,465,197,268
487296,4,115,51,64
487302,1,728,216,512
487302,2,728,216,512
487311,1,369,348,21
487311,2,369,348,21
487320,1,15883,9629,6254
487320,2,15883,9629,6254
487348,1,183,4,179
487348,2,183,4,179
487357,1,122,19,103
487357,2,122,19,103
487366,1,61,10,51
487366,2,61,10,51
487375,1,129,15,114
487375,2,129,15,114
487384,1,685,259,426
487384,2,685,259,426
487393,1,688,286,402
487393,2,688,286,402
487409,1,744,357,387
487409,2,744,357,387
487418,1,1272,388,884
487418,2,1272,388,884
487427,1,548,313,235
487427,2,548,313,235
487436,1,608,199,409
487436,2,608,199,409
487445,1,550,139,411
487445,2,550,139,411
487454,1,587,249,338
487454,2,587,249,338
487463,1,196,57,139
487463,2,196,57,139
487472,1,969,420,549
487472,2,969,420,549
487481,1,328,213,115
487481,2,328,213,115
487490,1,753,318,435
487490,2,753,318,435
487506,1,94,2,92
487506,2,94,2,92
487524,1,3860,1695,2165
487524,2,3018,1373,1645
487524,4,842,322,520
487533,1,99,6,93
487533,2,99,6,93
487588,1,538,16,522
487588,2,538,16,522
487597,1,673,651,22
487597,2,673,651,22
487603,1,1010,547,463
487603,2,914,505,409
487603,4,96,42,54
487621,1,16,15,1
487621,2,16,15,1
487630,1,32,16,16
487630,2,32,16,16
487649,1,14,8,6
487649,4,14,8,6
487658,1,61,51,10
487658,2,61,51,10
487667,1,424,192,232
487667,2,335,143,192
487667,4,89,49,40
487676,1,153,6,147
487676,2,153,6,147
487746,1,51,51,0
487746,2,51,51,0
487773,1,106,6,100
487773,2,106,6,100
487782,1,390,73,317
487782,2,390,73,317
487791,1,268,257,11
487791,2,268,257,11
487807,1,10,8,2
487807,2,10,8,2
487816,1,12,2,10
487816,2,12,2,10
487825,1,155,137,18
487825,2,155,137,18
487834,1,66,10,56
487834,2,66,10,56
487843,1,104,9,95
487843,2,104,9,95
487852,1,41,13,28
487852,2,41,13,28
487861,1,90,12,78
487861,2,90,12,78
487870,1,17,1,16
487870,2,17,1,16
487889,1,188,22,166
487889,2,188,22,166
487898,1,18,12,6
487898,2,18,12,6
487904,1,35,26,9
487904,2,35,26,9
487913,1,15,12,3
487913,2,15,12,3
487922,1,48,1,47
487922,2,48,1,47
487959,1,37,2,35
487959,2,37,2,35
487968,1,44,1,43
487968,2,44,1,43
487977,1,1402,35,1367
487977,2,1402,35,1367
487986,1,12,0,12
487986,2,12,0,12
487995,1,150,51,99
487995,2,64,26,38
487995,4,86,25,61
488004,1,91,91,0
488004,2,91,91,0
488013,1,61,6,55
488013,2,61,6,55
488022,1,37,29,8
488022,2,37,29,8
488031,1,227,129,98
488031,2,22,13,9
488031,4,205,116,89
488040,1,38,32,6
488040,2,38,32,6
488059,1,32,9,23
488059,2,32,9,23
488068,1,131,16,115
488068,2,108,11,97
488068,4,23,5,18
488077,1,1581,1562,19
488077,2,1581,1562,19
488086,1,102,21,81
488086,2,102,21,81
488095,1,115,83,32
488095,2,115,83,32
488101,1,109,109,0
488101,2,109,109,0
488110,1,45,3,42
488110,2,45,3,42
488129,1,10,1,9
488129,2,10,1,9
488138,1,128,3,125
488138,2,128,3,125
488147,1,29,2,27
488147,2,29,2,27
488156,1,30,2,28
488156,2,30,2,28
488165,1,28,0,28
488165,2,28,0,28
488174,1,9,3,6
488174,2,9,3,6
488183,1,25,0,25
488183,2,25,0,25
488192,1,18,18,0
488192,2,18,18,0
488217,1,130,7,123
488217,2,130,7,123
488226,1,18,12,6
488226,2,18,12,6
488235,1,25,1,24
488235,2,25,1,24
488253,1,120,87,33
488253,2,120,87,33
488262,1,34,28,6
488262,2,34,28,6
488271,1,80,6,74
488271,2,80,6,74
488280,1,94,67,27
488280,2,94,67,27
488299,1,167,8,159
488299,2,167,8,159
488305,1,162,77,85
488305,2,162,77,85
488314,1,57,57,0
488314,2,57,57,0
488323,1,70,42,28
488323,2,70,42,28
488332,1,107,5,102
488332,2,107,5,102
488341,1,99,5,94
488341,2,99,5,94
488350,1,83,83,0
488350,2,83,83,0
488369,1,18,14,4
488369,2,18,14,4
488378,1,15,1,14
488378,2,15,1,14
488387,1,106,42,64
488387,4,106,42,64
488396,1,30,26,4
488396,2,30,26,4
488411,1,74,3,71
488411,2,74,3,71
488420,1,40,14,26
488420,2,40,14,26
488439,1,84,78,6
488439,2,84,78,6
488448,1,92,66,26
488448,2,50,36,14
488448,4,42,30,12
488572,1,125,53,72
488572,4,125,53,72
488679,1,19720,6435,13285
488679,2,12099,3827,8272
488679,4,7621,2608,5013
488730,1,7251,2968,4283
488730,2,7251,2968,4283
488749,1,142,7,135
488749,2,142,7,135
488800,1,878,246,632
488800,4,878,246,632
488819,1,116,59,57
488819,2,56,29,27
488819,4,60,30,30
488846,1,3159,2158,1001
488846,2,3159,2158,1001
488891,1,114,29,85
488891,2,114,29,85
488907,1,36,8,28
488907,4,36,8,28
488916,1,19,2,17
488916,2,19,2,17
488925,1,108,107,1
488925,2,108,107,1
488934,1,4187,2299,1888
488934,2,4187,2299,1888
488943,1,1071,529,542
488943,2,1071,529,542
488952,1,48,2,46
488952,2,48,2,46
488961,1,41,1,40
488961,2,41,1,40
488970,1,77,3,74
488970,2,77,3,74
488989,1,65,7,58
488989,2,65,7,58
488998,1,84,3,81
488998,2,84,3,81
489043,1,13,10,3
489043,2,13,10,3
489104,1,124,78,46
489104,2,124,78,46
489122,1,37,1,36
489122,2,37,1,36
489131,1,25,1,24
489131,2,25,1,24
489140,1,30,1,29
489140,2,30,1,29
489159,1,76,1,75
489159,2,76,1,75
489201,1,8674,3787,4887
489201,2,8674,3787,4887
489238,1,93,33,60
489238,2,93,33,60
489247,1,17,0,17
489247,2,17,0,17
489256,1,207,181,26
489256,2,207,181,26
489283,1,202,52,150
489283,2,202,52,150
489326,1,3,1,2
489326,2,3,1,2
489344,1,49,5,44
489344,2,49,5,44
489353,1,30,6,24
489353,2,30,6,24
489371,1,28,28,0
489371,2,28,28,0
489399,1,3,0,3
489399,2,3,0,3
489414,1,187,85,102
489414,2,187,85,102
489760,1,83,79,4
489760,2,83,79,4
489812,1,38,1,37
489812,2,38,1,37
489821,1,199,22,177
489821,2,199,22,177
489830,1,101,2,99
489830,2,101,2,99
489849,1,99,6,93
489849,2,99,6,93
489858,1,313,87,226
489858,4,313,87,226
489900,1,9,2,7
489900,2,9,2,7
489937,1,870,588,282
489937,2,404,222,182
489937,4,466,366,100
490009,1,296,289,7
490009,2,296,289,7
490018,1,52,35,17
490018,2,52,35,17